ply
format ascii 1.0
comment : MagicaVoxel @ Ephtracy
element vertex 3456
property float x
property float y
property float z
property uchar red
property uchar green
property uchar blue
end_header
-8 -8 0 77 179 44
-7 -8 0 77 179 44
-4 -8 0 77 179 44
-3 -8 0 77 179 44
1 -8 0 115 197 42
2 -8 0 77 179 44
3 -8 0 115 197 42
5 -8 0 115 197 42
7 -8 0 115 197 42
-7 -7 0 31 158 55
-6 -7 0 31 158 55
-5 -7 0 31 158 55
-4 -7 0 31 158 55
-3 -7 0 31 158 55
-2 -7 0 31 158 55
-1 -7 0 31 158 55
0 -7 0 31 158 55
1 -7 0 31 158 55
2 -7 0 31 158 55
3 -7 0 31 158 55
4 -7 0 31 158 55
5 -7 0 31 158 55
6 -7 0 31 158 55
-7 -6 0 31 158 55
-6 -6 0 31 158 55
-5 -6 0 31 158 55
-4 -6 0 31 158 55
-3 -6 0 31 158 55
-2 -6 0 31 158 55
-1 -6 0 31 158 55
0 -6 0 31 158 55
1 -6 0 31 158 55
2 -6 0 31 158 55
3 -6 0 31 158 55
4 -6 0 31 158 55
5 -6 0 31 158 55
6 -6 0 31 158 55
7 -6 0 77 179 44
-7 -5 0 31 158 55
-6 -5 0 31 158 55
-5 -5 0 31 158 55
-4 -5 0 31 158 55
-3 -5 0 31 158 55
-2 -5 0 31 158 55
-1 -5 0 31 158 55
0 -5 0 31 158 55
1 -5 0 31 158 55
2 -5 0 31 158 55
3 -5 0 31 158 55
4 -5 0 31 158 55
5 -5 0 31 158 55
6 -5 0 31 158 55
7 -5 0 77 179 44
-7 -4 0 31 158 55
-6 -4 0 31 158 55
-5 -4 0 31 158 55
-4 -4 0 31 158 55
-3 -4 0 31 158 55
-2 -4 0 31 158 55
-1 -4 0 31 158 55
0 -4 0 31 158 55
1 -4 0 31 158 55
2 -4 0 31 158 55
3 -4 0 31 158 55
4 -4 0 31 158 55
5 -4 0 31 158 55
6 -4 0 31 158 55
7 -4 0 115 197 42
-7 -3 0 31 158 55
-6 -3 0 31 158 55
-5 -3 0 31 158 55
-4 -3 0 31 158 55
-3 -3 0 31 158 55
-2 -3 0 31 158 55
-1 -3 0 31 158 55
0 -3 0 31 158 55
1 -3 0 31 158 55
2 -3 0 31 158 55
3 -3 0 31 158 55
4 -3 0 31 158 55
5 -3 0 31 158 55
6 -3 0 31 158 55
7 -3 0 115 197 42
-7 -2 0 31 158 55
-6 -2 0 31 158 55
-5 -2 0 31 158 55
-4 -2 0 31 158 55
-3 -2 0 31 158 55
-2 -2 0 31 158 55
-1 -2 0 31 158 55
0 -2 0 31 158 55
1 -2 0 31 158 55
2 -2 0 31 158 55
3 -2 0 31 158 55
4 -2 0 31 158 55
5 -2 0 31 158 55
6 -2 0 31 158 55
7 -2 0 77 179 44
-8 -1 0 77 179 44
-7 -1 0 31 158 55
-6 -1 0 31 158 55
-5 -1 0 31 158 55
-4 -1 0 31 158 55
-3 -1 0 31 158 55
-2 -1 0 31 158 55
-1 -1 0 31 158 55
0 -1 0 31 158 55
1 -1 0 31 158 55
2 -1 0 31 158 55
3 -1 0 31 158 55
4 -1 0 31 158 55
5 -1 0 31 158 55
6 -1 0 31 158 55
-8 0 0 77 179 44
-7 0 0 31 158 55
-6 0 0 31 158 55
-5 0 0 31 158 55
-4 0 0 31 158 55
-3 0 0 31 158 55
-2 0 0 31 158 55
-1 0 0 31 158 55
0 0 0 31 158 55
1 0 0 31 158 55
2 0 0 31 158 55
3 0 0 31 158 55
4 0 0 31 158 55
5 0 0 31 158 55
6 0 0 31 158 55
-8 1 0 77 179 44
-7 1 0 31 158 55
-6 1 0 31 158 55
-5 1 0 31 158 55
-4 1 0 31 158 55
-3 1 0 31 158 55
-2 1 0 31 158 55
-1 1 0 31 158 55
0 1 0 31 158 55
1 1 0 31 158 55
2 1 0 31 158 55
3 1 0 31 158 55
4 1 0 31 158 55
5 1 0 31 158 55
6 1 0 31 158 55
7 1 0 77 179 44
-8 2 0 77 179 44
-7 2 0 31 158 55
-6 2 0 31 158 55
-5 2 0 31 158 55
-4 2 0 31 158 55
-3 2 0 31 158 55
-2 2 0 31 158 55
-1 2 0 31 158 55
0 2 0 31 158 55
1 2 0 31 158 55
2 2 0 31 158 55
3 2 0 31 158 55
4 2 0 31 158 55
5 2 0 31 158 55
6 2 0 31 158 55
-8 3 0 77 179 44
-7 3 0 31 158 55
-6 3 0 31 158 55
-5 3 0 31 158 55
-4 3 0 31 158 55
-3 3 0 31 158 55
-2 3 0 31 158 55
-1 3 0 31 158 55
0 3 0 31 158 55
1 3 0 31 158 55
2 3 0 31 158 55
3 3 0 31 158 55
4 3 0 31 158 55
5 3 0 31 158 55
6 3 0 31 158 55
-7 4 0 31 158 55
-6 4 0 31 158 55
-5 4 0 31 158 55
-4 4 0 31 158 55
-3 4 0 31 158 55
-2 4 0 31 158 55
-1 4 0 31 158 55
0 4 0 31 158 55
1 4 0 31 158 55
2 4 0 31 158 55
3 4 0 31 158 55
4 4 0 31 158 55
5 4 0 31 158 55
6 4 0 31 158 55
-7 5 0 31 158 55
-6 5 0 31 158 55
-5 5 0 31 158 55
-4 5 0 31 158 55
-3 5 0 31 158 55
-2 5 0 31 158 55
-1 5 0 31 158 55
0 5 0 31 158 55
1 5 0 31 158 55
2 5 0 31 158 55
3 5 0 31 158 55
4 5 0 31 158 55
5 5 0 31 158 55
6 5 0 31 158 55
-8 6 0 77 179 44
-7 6 0 31 158 55
-6 6 0 31 158 55
-5 6 0 31 158 55
-4 6 0 31 158 55
-3 6 0 31 158 55
-2 6 0 31 158 55
-1 6 0 31 158 55
0 6 0 31 158 55
1 6 0 31 158 55
2 6 0 31 158 55
3 6 0 31 158 55
4 6 0 31 158 55
5 6 0 31 158 55
6 6 0 31 158 55
-8 7 0 115 197 42
-3 7 0 115 197 42
-1 7 0 77 179 44
1 7 0 115 197 42
3 7 0 115 197 42
5 7 0 115 197 42
7 7 0 77 179 44
-7 -8 1 115 197 42
-5 -8 1 77 179 44
-3 -8 1 77 179 44
1 -8 1 77 179 44
3 -8 1 77 179 44
5 -8 1 77 179 44
6 -8 1 77 179 44
7 -8 1 77 179 44
-7 -7 1 31 158 55
-6 -7 1 31 158 55
-5 -7 1 31 158 55
-4 -7 1 31 158 55
-3 -7 1 31 158 55
-2 -7 1 31 158 55
-1 -7 1 31 158 55
0 -7 1 31 158 55
1 -7 1 31 158 55
2 -7 1 31 158 55
3 -7 1 31 158 55
4 -7 1 31 158 55
5 -7 1 31 158 55
6 -7 1 31 158 55
-8 -6 1 77 179 44
-7 -6 1 31 158 55
-6 -6 1 31 158 55
-5 -6 1 31 158 55
-4 -6 1 31 158 55
-3 -6 1 31 158 55
-2 -6 1 31 158 55
-1 -6 1 31 158 55
0 -6 1 31 158 55
1 -6 1 31 158 55
2 -6 1 31 158 55
3 -6 1 31 158 55
4 -6 1 31 158 55
5 -6 1 31 158 55
6 -6 1 31 158 55
-8 -5 1 115 197 42
-7 -5 1 31 158 55
-6 -5 1 31 158 55
-5 -5 1 31 158 55
-4 -5 1 31 158 55
-3 -5 1 31 158 55
-2 -5 1 31 158 55
-1 -5 1 31 158 55
0 -5 1 31 158 55
1 -5 1 31 158 55
2 -5 1 31 158 55
3 -5 1 31 158 55
4 -5 1 31 158 55
5 -5 1 31 158 55
6 -5 1 31 158 55
7 -5 1 77 179 44
-8 -4 1 115 197 42
-7 -4 1 31 158 55
-6 -4 1 31 158 55
-5 -4 1 31 158 55
-4 -4 1 31 158 55
-3 -4 1 31 158 55
-2 -4 1 31 158 55
-1 -4 1 31 158 55
0 -4 1 31 158 55
1 -4 1 31 158 55
2 -4 1 31 158 55
3 -4 1 31 158 55
4 -4 1 31 158 55
5 -4 1 31 158 55
6 -4 1 31 158 55
-8 -3 1 77 179 44
-7 -3 1 31 158 55
-6 -3 1 31 158 55
-5 -3 1 31 158 55
-4 -3 1 31 158 55
-3 -3 1 31 158 55
-2 -3 1 31 158 55
-1 -3 1 31 158 55
0 -3 1 31 158 55
1 -3 1 31 158 55
2 -3 1 31 158 55
3 -3 1 31 158 55
4 -3 1 31 158 55
5 -3 1 31 158 55
6 -3 1 31 158 55
-7 -2 1 31 158 55
-6 -2 1 31 158 55
-5 -2 1 31 158 55
-4 -2 1 31 158 55
-3 -2 1 31 158 55
-2 -2 1 31 158 55
-1 -2 1 31 158 55
0 -2 1 31 158 55
1 -2 1 31 158 55
2 -2 1 31 158 55
3 -2 1 31 158 55
4 -2 1 31 158 55
5 -2 1 31 158 55
6 -2 1 31 158 55
-7 -1 1 31 158 55
-6 -1 1 31 158 55
-5 -1 1 31 158 55
-4 -1 1 31 158 55
-3 -1 1 31 158 55
-2 -1 1 31 158 55
-1 -1 1 31 158 55
0 -1 1 31 158 55
1 -1 1 31 158 55
2 -1 1 31 158 55
3 -1 1 31 158 55
4 -1 1 31 158 55
5 -1 1 31 158 55
6 -1 1 31 158 55
-7 0 1 31 158 55
-6 0 1 31 158 55
-5 0 1 31 158 55
-4 0 1 31 158 55
-3 0 1 31 158 55
-2 0 1 31 158 55
-1 0 1 31 158 55
0 0 1 31 158 55
1 0 1 31 158 55
2 0 1 31 158 55
3 0 1 31 158 55
4 0 1 31 158 55
5 0 1 31 158 55
6 0 1 31 158 55
7 0 1 77 179 44
-7 1 1 31 158 55
-6 1 1 31 158 55
-5 1 1 31 158 55
-4 1 1 31 158 55
-3 1 1 31 158 55
-2 1 1 31 158 55
-1 1 1 31 158 55
0 1 1 31 158 55
1 1 1 31 158 55
2 1 1 31 158 55
3 1 1 31 158 55
4 1 1 31 158 55
5 1 1 31 158 55
6 1 1 31 158 55
7 1 1 77 179 44
-7 2 1 31 158 55
-6 2 1 31 158 55
-5 2 1 31 158 55
-4 2 1 31 158 55
-3 2 1 31 158 55
-2 2 1 31 158 55
-1 2 1 31 158 55
0 2 1 31 158 55
1 2 1 31 158 55
2 2 1 31 158 55
3 2 1 31 158 55
4 2 1 31 158 55
5 2 1 31 158 55
6 2 1 31 158 55
7 2 1 77 179 44
-7 3 1 31 158 55
-6 3 1 31 158 55
-5 3 1 31 158 55
-4 3 1 31 158 55
-3 3 1 31 158 55
-2 3 1 31 158 55
-1 3 1 31 158 55
0 3 1 31 158 55
1 3 1 31 158 55
2 3 1 31 158 55
3 3 1 31 158 55
4 3 1 31 158 55
5 3 1 31 158 55
6 3 1 31 158 55
-7 4 1 31 158 55
-6 4 1 31 158 55
-5 4 1 31 158 55
-4 4 1 31 158 55
-3 4 1 31 158 55
-2 4 1 31 158 55
-1 4 1 31 158 55
0 4 1 31 158 55
1 4 1 31 158 55
2 4 1 31 158 55
3 4 1 31 158 55
4 4 1 31 158 55
5 4 1 31 158 55
6 4 1 31 158 55
7 4 1 77 179 44
-7 5 1 31 158 55
-6 5 1 31 158 55
-5 5 1 31 158 55
-4 5 1 31 158 55
-3 5 1 31 158 55
-2 5 1 31 158 55
-1 5 1 31 158 55
0 5 1 31 158 55
1 5 1 31 158 55
2 5 1 31 158 55
3 5 1 31 158 55
4 5 1 31 158 55
5 5 1 31 158 55
6 5 1 31 158 55
7 5 1 115 197 42
-8 6 1 77 179 44
-7 6 1 31 158 55
-6 6 1 31 158 55
-5 6 1 31 158 55
-4 6 1 31 158 55
-3 6 1 31 158 55
-2 6 1 31 158 55
-1 6 1 31 158 55
0 6 1 31 158 55
1 6 1 31 158 55
2 6 1 31 158 55
3 6 1 31 158 55
4 6 1 31 158 55
5 6 1 31 158 55
6 6 1 31 158 55
7 6 1 115 197 42
-6 7 1 77 179 44
-3 7 1 115 197 42
-2 7 1 77 179 44
-1 7 1 115 197 42
1 7 1 77 179 44
3 7 1 77 179 44
5 7 1 77 179 44
7 7 1 77 179 44
-8 -8 2 115 197 42
-7 -8 2 115 197 42
-6 -8 2 77 179 44
-5 -8 2 115 197 42
-1 -8 2 77 179 44
1 -8 2 77 179 44
5 -8 2 77 179 44
-8 -7 2 77 179 44
-7 -7 2 31 158 55
-6 -7 2 31 158 55
-5 -7 2 31 158 55
-4 -7 2 31 158 55
-3 -7 2 31 158 55
-2 -7 2 31 158 55
-1 -7 2 31 158 55
0 -7 2 31 158 55
1 -7 2 31 158 55
2 -7 2 31 158 55
3 -7 2 31 158 55
4 -7 2 31 158 55
5 -7 2 31 158 55
6 -7 2 31 158 55
7 -7 2 77 179 44
-7 -6 2 31 158 55
-6 -6 2 31 158 55
-5 -6 2 31 158 55
-4 -6 2 31 158 55
-3 -6 2 31 158 55
-2 -6 2 31 158 55
-1 -6 2 31 158 55
0 -6 2 31 158 55
1 -6 2 31 158 55
2 -6 2 31 158 55
3 -6 2 31 158 55
4 -6 2 31 158 55
5 -6 2 31 158 55
6 -6 2 31 158 55
7 -6 2 77 179 44
-7 -5 2 31 158 55
-6 -5 2 31 158 55
-5 -5 2 31 158 55
-4 -5 2 31 158 55
-3 -5 2 31 158 55
-2 -5 2 31 158 55
-1 -5 2 31 158 55
0 -5 2 31 158 55
1 -5 2 31 158 55
2 -5 2 31 158 55
3 -5 2 31 158 55
4 -5 2 31 158 55
5 -5 2 31 158 55
6 -5 2 31 158 55
7 -5 2 115 197 42
-7 -4 2 31 158 55
-6 -4 2 31 158 55
-5 -4 2 31 158 55
-4 -4 2 31 158 55
-3 -4 2 31 158 55
-2 -4 2 31 158 55
-1 -4 2 31 158 55
0 -4 2 31 158 55
1 -4 2 31 158 55
2 -4 2 31 158 55
3 -4 2 31 158 55
4 -4 2 31 158 55
5 -4 2 31 158 55
6 -4 2 31 158 55
7 -4 2 115 197 42
-8 -3 2 77 179 44
-7 -3 2 31 158 55
-6 -3 2 31 158 55
-5 -3 2 31 158 55
-4 -3 2 31 158 55
-3 -3 2 31 158 55
-2 -3 2 31 158 55
-1 -3 2 31 158 55
0 -3 2 31 158 55
1 -3 2 31 158 55
2 -3 2 31 158 55
3 -3 2 31 158 55
4 -3 2 31 158 55
5 -3 2 31 158 55
6 -3 2 31 158 55
7 -3 2 77 179 44
-7 -2 2 31 158 55
-6 -2 2 31 158 55
-5 -2 2 31 158 55
-4 -2 2 31 158 55
-3 -2 2 31 158 55
-2 -2 2 31 158 55
-1 -2 2 31 158 55
0 -2 2 31 158 55
1 -2 2 31 158 55
2 -2 2 31 158 55
3 -2 2 31 158 55
4 -2 2 31 158 55
5 -2 2 31 158 55
6 -2 2 31 158 55
-7 -1 2 31 158 55
-6 -1 2 31 158 55
-5 -1 2 31 158 55
-4 -1 2 31 158 55
-3 -1 2 31 158 55
-2 -1 2 31 158 55
-1 -1 2 31 158 55
0 -1 2 31 158 55
1 -1 2 31 158 55
2 -1 2 31 158 55
3 -1 2 31 158 55
4 -1 2 31 158 55
5 -1 2 31 158 55
6 -1 2 31 158 55
-8 0 2 77 179 44
-7 0 2 31 158 55
-6 0 2 31 158 55
-5 0 2 31 158 55
-4 0 2 31 158 55
-3 0 2 31 158 55
-2 0 2 31 158 55
-1 0 2 31 158 55
0 0 2 31 158 55
1 0 2 31 158 55
2 0 2 31 158 55
3 0 2 31 158 55
4 0 2 31 158 55
5 0 2 31 158 55
6 0 2 31 158 55
-8 1 2 77 179 44
-7 1 2 31 158 55
-6 1 2 31 158 55
-5 1 2 31 158 55
-4 1 2 31 158 55
-3 1 2 31 158 55
-2 1 2 31 158 55
-1 1 2 31 158 55
0 1 2 31 158 55
1 1 2 31 158 55
2 1 2 31 158 55
3 1 2 31 158 55
4 1 2 31 158 55
5 1 2 31 158 55
6 1 2 31 158 55
-8 2 2 77 179 44
-7 2 2 31 158 55
-6 2 2 31 158 55
-5 2 2 31 158 55
-4 2 2 31 158 55
-3 2 2 31 158 55
-2 2 2 31 158 55
-1 2 2 31 158 55
0 2 2 31 158 55
1 2 2 31 158 55
2 2 2 31 158 55
3 2 2 31 158 55
4 2 2 31 158 55
5 2 2 31 158 55
6 2 2 31 158 55
-7 3 2 31 158 55
-6 3 2 31 158 55
-5 3 2 31 158 55
-4 3 2 31 158 55
-3 3 2 31 158 55
-2 3 2 31 158 55
-1 3 2 31 158 55
0 3 2 31 158 55
1 3 2 31 158 55
2 3 2 31 158 55
3 3 2 31 158 55
4 3 2 31 158 55
5 3 2 31 158 55
6 3 2 31 158 55
-7 4 2 31 158 55
-6 4 2 31 158 55
-5 4 2 31 158 55
-4 4 2 31 158 55
-3 4 2 31 158 55
-2 4 2 31 158 55
-1 4 2 31 158 55
0 4 2 31 158 55
1 4 2 31 158 55
2 4 2 31 158 55
3 4 2 31 158 55
4 4 2 31 158 55
5 4 2 31 158 55
6 4 2 31 158 55
-8 5 2 77 179 44
-7 5 2 31 158 55
-6 5 2 31 158 55
-5 5 2 31 158 55
-4 5 2 31 158 55
-3 5 2 31 158 55
-2 5 2 31 158 55
-1 5 2 31 158 55
0 5 2 31 158 55
1 5 2 31 158 55
2 5 2 31 158 55
3 5 2 31 158 55
4 5 2 31 158 55
5 5 2 31 158 55
6 5 2 31 158 55
7 5 2 77 179 44
-8 6 2 77 179 44
-7 6 2 31 158 55
-6 6 2 31 158 55
-5 6 2 31 158 55
-4 6 2 31 158 55
-3 6 2 31 158 55
-2 6 2 31 158 55
-1 6 2 31 158 55
0 6 2 31 158 55
1 6 2 31 158 55
2 6 2 31 158 55
3 6 2 31 158 55
4 6 2 31 158 55
5 6 2 31 158 55
6 6 2 31 158 55
-8 7 2 77 179 44
-6 7 2 77 179 44
-3 7 2 77 179 44
-1 7 2 77 179 44
2 7 2 77 179 44
6 7 2 77 179 44
-7 -8 3 77 179 44
-5 -8 3 115 197 42
-1 -8 3 115 197 42
3 -8 3 77 179 44
-7 -7 3 31 158 55
-6 -7 3 31 158 55
-5 -7 3 31 158 55
-4 -7 3 31 158 55
-3 -7 3 31 158 55
-2 -7 3 31 158 55
-1 -7 3 31 158 55
0 -7 3 31 158 55
1 -7 3 31 158 55
2 -7 3 31 158 55
3 -7 3 31 158 55
4 -7 3 31 158 55
5 -7 3 31 158 55
6 -7 3 31 158 55
-7 -6 3 31 158 55
-6 -6 3 31 158 55
-5 -6 3 31 158 55
-4 -6 3 31 158 55
-3 -6 3 31 158 55
-2 -6 3 31 158 55
-1 -6 3 31 158 55
0 -6 3 31 158 55
1 -6 3 31 158 55
2 -6 3 31 158 55
3 -6 3 31 158 55
4 -6 3 31 158 55
5 -6 3 31 158 55
6 -6 3 31 158 55
-8 -5 3 77 179 44
-7 -5 3 31 158 55
-6 -5 3 31 158 55
-5 -5 3 31 158 55
-4 -5 3 31 158 55
-3 -5 3 31 158 55
-2 -5 3 31 158 55
-1 -5 3 31 158 55
0 -5 3 31 158 55
1 -5 3 31 158 55
2 -5 3 31 158 55
3 -5 3 31 158 55
4 -5 3 31 158 55
5 -5 3 31 158 55
6 -5 3 31 158 55
-8 -4 3 115 197 42
-7 -4 3 31 158 55
-6 -4 3 31 158 55
-5 -4 3 31 158 55
-4 -4 3 31 158 55
-3 -4 3 31 158 55
-2 -4 3 31 158 55
-1 -4 3 31 158 55
0 -4 3 31 158 55
1 -4 3 31 158 55
2 -4 3 31 158 55
3 -4 3 31 158 55
4 -4 3 31 158 55
5 -4 3 31 158 55
6 -4 3 31 158 55
-8 -3 3 115 197 42
-7 -3 3 31 158 55
-6 -3 3 31 158 55
-5 -3 3 31 158 55
-4 -3 3 31 158 55
-3 -3 3 31 158 55
-2 -3 3 31 158 55
-1 -3 3 31 158 55
0 -3 3 31 158 55
1 -3 3 31 158 55
2 -3 3 31 158 55
3 -3 3 31 158 55
4 -3 3 31 158 55
5 -3 3 31 158 55
6 -3 3 31 158 55
-8 -2 3 77 179 44
-7 -2 3 31 158 55
-6 -2 3 31 158 55
-5 -2 3 31 158 55
-4 -2 3 31 158 55
-3 -2 3 31 158 55
-2 -2 3 31 158 55
-1 -2 3 31 158 55
0 -2 3 31 158 55
1 -2 3 31 158 55
2 -2 3 31 158 55
3 -2 3 31 158 55
4 -2 3 31 158 55
5 -2 3 31 158 55
6 -2 3 31 158 55
-7 -1 3 31 158 55
-6 -1 3 31 158 55
-5 -1 3 31 158 55
-4 -1 3 31 158 55
-3 -1 3 31 158 55
-2 -1 3 31 158 55
-1 -1 3 31 158 55
0 -1 3 31 158 55
1 -1 3 31 158 55
2 -1 3 31 158 55
3 -1 3 31 158 55
4 -1 3 31 158 55
5 -1 3 31 158 55
6 -1 3 31 158 55
7 -1 3 77 179 44
-7 0 3 31 158 55
-6 0 3 31 158 55
-5 0 3 31 158 55
-4 0 3 31 158 55
-3 0 3 31 158 55
-2 0 3 31 158 55
-1 0 3 31 158 55
0 0 3 31 158 55
1 0 3 31 158 55
2 0 3 31 158 55
3 0 3 31 158 55
4 0 3 31 158 55
5 0 3 31 158 55
6 0 3 31 158 55
7 0 3 77 179 44
-8 1 3 77 179 44
-7 1 3 31 158 55
-6 1 3 31 158 55
-5 1 3 31 158 55
-4 1 3 31 158 55
-3 1 3 31 158 55
-2 1 3 31 158 55
-1 1 3 31 158 55
0 1 3 31 158 55
1 1 3 31 158 55
2 1 3 31 158 55
3 1 3 31 158 55
4 1 3 31 158 55
5 1 3 31 158 55
6 1 3 31 158 55
7 1 3 77 179 44
-7 2 3 31 158 55
-6 2 3 31 158 55
-5 2 3 31 158 55
-4 2 3 31 158 55
-3 2 3 31 158 55
-2 2 3 31 158 55
-1 2 3 31 158 55
0 2 3 31 158 55
1 2 3 31 158 55
2 2 3 31 158 55
3 2 3 31 158 55
4 2 3 31 158 55
5 2 3 31 158 55
6 2 3 31 158 55
-7 3 3 31 158 55
-6 3 3 31 158 55
-5 3 3 31 158 55
-4 3 3 31 158 55
-3 3 3 31 158 55
-2 3 3 31 158 55
-1 3 3 31 158 55
0 3 3 31 158 55
1 3 3 31 158 55
2 3 3 31 158 55
3 3 3 31 158 55
4 3 3 31 158 55
5 3 3 31 158 55
6 3 3 31 158 55
7 3 3 77 179 44
-7 4 3 31 158 55
-6 4 3 31 158 55
-5 4 3 31 158 55
-4 4 3 31 158 55
-3 4 3 31 158 55
-2 4 3 31 158 55
-1 4 3 31 158 55
0 4 3 31 158 55
1 4 3 31 158 55
2 4 3 31 158 55
3 4 3 31 158 55
4 4 3 31 158 55
5 4 3 31 158 55
6 4 3 31 158 55
7 4 3 115 197 42
-7 5 3 31 158 55
-6 5 3 31 158 55
-5 5 3 31 158 55
-4 5 3 31 158 55
-3 5 3 31 158 55
-2 5 3 31 158 55
-1 5 3 31 158 55
0 5 3 31 158 55
1 5 3 31 158 55
2 5 3 31 158 55
3 5 3 31 158 55
4 5 3 31 158 55
5 5 3 31 158 55
6 5 3 31 158 55
7 5 3 115 197 42
-7 6 3 31 158 55
-6 6 3 31 158 55
-5 6 3 31 158 55
-4 6 3 31 158 55
-3 6 3 31 158 55
-2 6 3 31 158 55
-1 6 3 31 158 55
0 6 3 31 158 55
1 6 3 31 158 55
2 6 3 31 158 55
3 6 3 31 158 55
4 6 3 31 158 55
5 6 3 31 158 55
6 6 3 31 158 55
7 6 3 77 179 44
-8 7 3 77 179 44
-7 7 3 77 179 44
-6 7 3 115 197 42
-4 7 3 77 179 44
0 7 3 77 179 44
2 7 3 115 197 42
4 7 3 77 179 44
6 7 3 115 197 42
-8 -8 4 115 197 42
-5 -8 4 77 179 44
-3 -8 4 77 179 44
-1 -8 4 115 197 42
1 -8 4 77 179 44
3 -8 4 115 197 42
7 -8 4 77 179 44
-8 -7 4 77 179 44
-7 -7 4 31 158 55
-6 -7 4 31 158 55
-5 -7 4 31 158 55
-4 -7 4 31 158 55
-3 -7 4 31 158 55
-2 -7 4 31 158 55
-1 -7 4 31 158 55
0 -7 4 31 158 55
1 -7 4 31 158 55
2 -7 4 31 158 55
3 -7 4 31 158 55
4 -7 4 31 158 55
5 -7 4 31 158 55
6 -7 4 31 158 55
-7 -6 4 31 158 55
-6 -6 4 31 158 55
-5 -6 4 31 158 55
-4 -6 4 31 158 55
-3 -6 4 31 158 55
-2 -6 4 31 158 55
-1 -6 4 31 158 55
0 -6 4 31 158 55
1 -6 4 31 158 55
2 -6 4 31 158 55
3 -6 4 31 158 55
4 -6 4 31 158 55
5 -6 4 31 158 55
6 -6 4 31 158 55
-7 -5 4 31 158 55
-6 -5 4 31 158 55
-5 -5 4 31 158 55
-4 -5 4 31 158 55
-3 -5 4 31 158 55
-2 -5 4 31 158 55
-1 -5 4 31 158 55
0 -5 4 31 158 55
1 -5 4 31 158 55
2 -5 4 31 158 55
3 -5 4 31 158 55
4 -5 4 31 158 55
5 -5 4 31 158 55
6 -5 4 31 158 55
7 -5 4 77 179 44
-7 -4 4 31 158 55
-6 -4 4 31 158 55
-5 -4 4 31 158 55
-4 -4 4 31 158 55
-3 -4 4 31 158 55
-2 -4 4 31 158 55
-1 -4 4 31 158 55
0 -4 4 31 158 55
1 -4 4 31 158 55
2 -4 4 31 158 55
3 -4 4 31 158 55
4 -4 4 31 158 55
5 -4 4 31 158 55
6 -4 4 31 158 55
7 -4 4 115 197 42
-7 -3 4 31 158 55
-6 -3 4 31 158 55
-5 -3 4 31 158 55
-4 -3 4 31 158 55
-3 -3 4 31 158 55
-2 -3 4 31 158 55
-1 -3 4 31 158 55
0 -3 4 31 158 55
1 -3 4 31 158 55
2 -3 4 31 158 55
3 -3 4 31 158 55
4 -3 4 31 158 55
5 -3 4 31 158 55
6 -3 4 31 158 55
7 -3 4 115 197 42
-7 -2 4 31 158 55
-6 -2 4 31 158 55
-5 -2 4 31 158 55
-4 -2 4 31 158 55
-3 -2 4 31 158 55
-2 -2 4 31 158 55
-1 -2 4 31 158 55
0 -2 4 31 158 55
1 -2 4 31 158 55
2 -2 4 31 158 55
3 -2 4 31 158 55
4 -2 4 31 158 55
5 -2 4 31 158 55
6 -2 4 31 158 55
7 -2 4 77 179 44
-7 -1 4 31 158 55
-6 -1 4 31 158 55
-5 -1 4 31 158 55
-4 -1 4 31 158 55
-3 -1 4 31 158 55
-2 -1 4 31 158 55
-1 -1 4 31 158 55
0 -1 4 31 158 55
1 -1 4 31 158 55
2 -1 4 31 158 55
3 -1 4 31 158 55
4 -1 4 31 158 55
5 -1 4 31 158 55
6 -1 4 31 158 55
-8 0 4 77 179 44
-7 0 4 31 158 55
-6 0 4 31 158 55
-5 0 4 31 158 55
-4 0 4 31 158 55
-3 0 4 31 158 55
-2 0 4 31 158 55
-1 0 4 31 158 55
0 0 4 31 158 55
1 0 4 31 158 55
2 0 4 31 158 55
3 0 4 31 158 55
4 0 4 31 158 55
5 0 4 31 158 55
6 0 4 31 158 55
-8 1 4 77 179 44
-7 1 4 31 158 55
-6 1 4 31 158 55
-5 1 4 31 158 55
-4 1 4 31 158 55
-3 1 4 31 158 55
-2 1 4 31 158 55
-1 1 4 31 158 55
0 1 4 31 158 55
1 1 4 31 158 55
2 1 4 31 158 55
3 1 4 31 158 55
4 1 4 31 158 55
5 1 4 31 158 55
6 1 4 31 158 55
-8 2 4 115 197 42
-7 2 4 31 158 55
-6 2 4 31 158 55
-5 2 4 31 158 55
-4 2 4 31 158 55
-3 2 4 31 158 55
-2 2 4 31 158 55
-1 2 4 31 158 55
0 2 4 31 158 55
1 2 4 31 158 55
2 2 4 31 158 55
3 2 4 31 158 55
4 2 4 31 158 55
5 2 4 31 158 55
6 2 4 31 158 55
-8 3 4 115 197 42
-7 3 4 31 158 55
-6 3 4 31 158 55
-5 3 4 31 158 55
-4 3 4 31 158 55
-3 3 4 31 158 55
-2 3 4 31 158 55
-1 3 4 31 158 55
0 3 4 31 158 55
1 3 4 31 158 55
2 3 4 31 158 55
3 3 4 31 158 55
4 3 4 31 158 55
5 3 4 31 158 55
6 3 4 31 158 55
-8 4 4 77 179 44
-7 4 4 31 158 55
-6 4 4 31 158 55
-5 4 4 31 158 55
-4 4 4 31 158 55
-3 4 4 31 158 55
-2 4 4 31 158 55
-1 4 4 31 158 55
0 4 4 31 158 55
1 4 4 31 158 55
2 4 4 31 158 55
3 4 4 31 158 55
4 4 4 31 158 55
5 4 4 31 158 55
6 4 4 31 158 55
-7 5 4 31 158 55
-6 5 4 31 158 55
-5 5 4 31 158 55
-4 5 4 31 158 55
-3 5 4 31 158 55
-2 5 4 31 158 55
-1 5 4 31 158 55
0 5 4 31 158 55
1 5 4 31 158 55
2 5 4 31 158 55
3 5 4 31 158 55
4 5 4 31 158 55
5 5 4 31 158 55
6 5 4 31 158 55
-8 6 4 77 179 44
-7 6 4 31 158 55
-6 6 4 31 158 55
-5 6 4 31 158 55
-4 6 4 31 158 55
-3 6 4 31 158 55
-2 6 4 31 158 55
-1 6 4 31 158 55
0 6 4 31 158 55
1 6 4 31 158 55
2 6 4 31 158 55
3 6 4 31 158 55
4 6 4 31 158 55
5 6 4 31 158 55
6 6 4 31 158 55
-8 7 4 115 197 42
-6 7 4 115 197 42
-4 7 4 115 197 42
-2 7 4 77 179 44
0 7 4 77 179 44
1 7 4 77 179 44
2 7 4 115 197 42
4 7 4 115 197 42
6 7 4 115 197 42
7 7 4 77 179 44
-7 -8 5 77 179 44
-3 -8 5 115 197 42
-2 -8 5 77 179 44
-1 -8 5 77 179 44
1 -8 5 115 197 42
3 -8 5 115 197 42
5 -8 5 77 179 44
7 -8 5 77 179 44
-7 -7 5 31 158 55
-6 -7 5 31 158 55
-5 -7 5 31 158 55
-4 -7 5 31 158 55
-3 -7 5 31 158 55
-2 -7 5 31 158 55
-1 -7 5 31 158 55
0 -7 5 31 158 55
1 -7 5 31 158 55
2 -7 5 31 158 55
3 -7 5 31 158 55
4 -7 5 31 158 55
5 -7 5 31 158 55
6 -7 5 31 158 55
7 -7 5 115 197 42
-8 -6 5 77 179 44
-7 -6 5 31 158 55
-6 -6 5 31 158 55
-5 -6 5 31 158 55
-4 -6 5 31 158 55
-3 -6 5 31 158 55
-2 -6 5 31 158 55
-1 -6 5 31 158 55
0 -6 5 31 158 55
1 -6 5 31 158 55
2 -6 5 31 158 55
3 -6 5 31 158 55
4 -6 5 31 158 55
5 -6 5 31 158 55
6 -6 5 31 158 55
7 -6 5 77 179 44
-8 -5 5 115 197 42
-7 -5 5 31 158 55
-6 -5 5 31 158 55
-5 -5 5 31 158 55
-4 -5 5 31 158 55
-3 -5 5 31 158 55
-2 -5 5 31 158 55
-1 -5 5 31 158 55
0 -5 5 31 158 55
1 -5 5 31 158 55
2 -5 5 31 158 55
3 -5 5 31 158 55
4 -5 5 31 158 55
5 -5 5 31 158 55
6 -5 5 31 158 55
-8 -4 5 115 197 42
-7 -4 5 31 158 55
-6 -4 5 31 158 55
-5 -4 5 31 158 55
-4 -4 5 31 158 55
-3 -4 5 31 158 55
-2 -4 5 31 158 55
-1 -4 5 31 158 55
0 -4 5 31 158 55
1 -4 5 31 158 55
2 -4 5 31 158 55
3 -4 5 31 158 55
4 -4 5 31 158 55
5 -4 5 31 158 55
6 -4 5 31 158 55
-8 -3 5 77 179 44
-7 -3 5 31 158 55
-6 -3 5 31 158 55
-5 -3 5 31 158 55
-4 -3 5 31 158 55
-3 -3 5 31 158 55
-2 -3 5 31 158 55
-1 -3 5 31 158 55
0 -3 5 31 158 55
1 -3 5 31 158 55
2 -3 5 31 158 55
3 -3 5 31 158 55
4 -3 5 31 158 55
5 -3 5 31 158 55
6 -3 5 31 158 55
7 -3 5 77 179 44
-7 -2 5 31 158 55
-6 -2 5 31 158 55
-5 -2 5 31 158 55
-4 -2 5 31 158 55
-3 -2 5 31 158 55
-2 -2 5 31 158 55
-1 -2 5 31 158 55
0 -2 5 31 158 55
1 -2 5 31 158 55
2 -2 5 31 158 55
3 -2 5 31 158 55
4 -2 5 31 158 55
5 -2 5 31 158 55
6 -2 5 31 158 55
-7 -1 5 31 158 55
-6 -1 5 31 158 55
-5 -1 5 31 158 55
-4 -1 5 31 158 55
-3 -1 5 31 158 55
-2 -1 5 31 158 55
-1 -1 5 31 158 55
0 -1 5 31 158 55
1 -1 5 31 158 55
2 -1 5 31 158 55
3 -1 5 31 158 55
4 -1 5 31 158 55
5 -1 5 31 158 55
6 -1 5 31 158 55
-7 0 5 31 158 55
-6 0 5 31 158 55
-5 0 5 31 158 55
-4 0 5 31 158 55
-3 0 5 31 158 55
-2 0 5 31 158 55
-1 0 5 31 158 55
0 0 5 31 158 55
1 0 5 31 158 55
2 0 5 31 158 55
3 0 5 31 158 55
4 0 5 31 158 55
5 0 5 31 158 55
6 0 5 31 158 55
7 0 5 77 179 44
-7 1 5 31 158 55
-6 1 5 31 158 55
-5 1 5 31 158 55
-4 1 5 31 158 55
-3 1 5 31 158 55
-2 1 5 31 158 55
-1 1 5 31 158 55
0 1 5 31 158 55
1 1 5 31 158 55
2 1 5 31 158 55
3 1 5 31 158 55
4 1 5 31 158 55
5 1 5 31 158 55
6 1 5 31 158 55
7 1 5 115 197 42
-7 2 5 31 158 55
-6 2 5 31 158 55
-5 2 5 31 158 55
-4 2 5 31 158 55
-3 2 5 31 158 55
-2 2 5 31 158 55
-1 2 5 31 158 55
0 2 5 31 158 55
1 2 5 31 158 55
2 2 5 31 158 55
3 2 5 31 158 55
4 2 5 31 158 55
5 2 5 31 158 55
6 2 5 31 158 55
7 2 5 115 197 42
-7 3 5 31 158 55
-6 3 5 31 158 55
-5 3 5 31 158 55
-4 3 5 31 158 55
-3 3 5 31 158 55
-2 3 5 31 158 55
-1 3 5 31 158 55
0 3 5 31 158 55
1 3 5 31 158 55
2 3 5 31 158 55
3 3 5 31 158 55
4 3 5 31 158 55
5 3 5 31 158 55
6 3 5 31 158 55
7 3 5 77 179 44
-7 4 5 31 158 55
-6 4 5 31 158 55
-5 4 5 31 158 55
-4 4 5 31 158 55
-3 4 5 31 158 55
-2 4 5 31 158 55
-1 4 5 31 158 55
0 4 5 31 158 55
1 4 5 31 158 55
2 4 5 31 158 55
3 4 5 31 158 55
4 4 5 31 158 55
5 4 5 31 158 55
6 4 5 31 158 55
-7 5 5 31 158 55
-6 5 5 31 158 55
-5 5 5 31 158 55
-4 5 5 31 158 55
-3 5 5 31 158 55
-2 5 5 31 158 55
-1 5 5 31 158 55
0 5 5 31 158 55
1 5 5 31 158 55
2 5 5 31 158 55
3 5 5 31 158 55
4 5 5 31 158 55
5 5 5 31 158 55
6 5 5 31 158 55
-7 6 5 31 158 55
-6 6 5 31 158 55
-5 6 5 31 158 55
-4 6 5 31 158 55
-3 6 5 31 158 55
-2 6 5 31 158 55
-1 6 5 31 158 55
0 6 5 31 158 55
1 6 5 31 158 55
2 6 5 31 158 55
3 6 5 31 158 55
4 6 5 31 158 55
5 6 5 31 158 55
6 6 5 31 158 55
7 6 5 77 179 44
-8 7 5 115 197 42
-6 7 5 77 179 44
-4 7 5 115 197 42
-3 7 5 77 179 44
-2 7 5 115 197 42
0 7 5 115 197 42
2 7 5 77 179 44
4 7 5 115 197 42
5 7 5 77 179 44
6 7 5 77 179 44
7 7 5 77 179 44
-8 -8 6 77 179 44
-7 -8 6 77 179 44
-5 -8 6 77 179 44
-3 -8 6 115 197 42
-1 -8 6 77 179 44
1 -8 6 115 197 42
3 -8 6 77 179 44
4 -8 6 77 179 44
5 -8 6 77 179 44
7 -8 6 77 179 44
-8 -7 6 77 179 44
-7 -7 6 31 158 55
-6 -7 6 31 158 55
-5 -7 6 31 158 55
-4 -7 6 31 158 55
-3 -7 6 31 158 55
-2 -7 6 31 158 55
-1 -7 6 31 158 55
0 -7 6 31 158 55
1 -7 6 31 158 55
2 -7 6 31 158 55
3 -7 6 31 158 55
4 -7 6 31 158 55
5 -7 6 31 158 55
6 -7 6 31 158 55
7 -7 6 77 179 44
-7 -6 6 31 158 55
-6 -6 6 31 158 55
-5 -6 6 31 158 55
-4 -6 6 31 158 55
-3 -6 6 31 158 55
-2 -6 6 31 158 55
-1 -6 6 31 158 55
0 -6 6 31 158 55
1 -6 6 31 158 55
2 -6 6 31 158 55
3 -6 6 31 158 55
4 -6 6 31 158 55
5 -6 6 31 158 55
6 -6 6 31 158 55
-7 -5 6 31 158 55
-6 -5 6 31 158 55
-5 -5 6 31 158 55
-4 -5 6 31 158 55
-3 -5 6 31 158 55
-2 -5 6 31 158 55
-1 -5 6 31 158 55
0 -5 6 31 158 55
1 -5 6 31 158 55
2 -5 6 31 158 55
3 -5 6 31 158 55
4 -5 6 31 158 55
5 -5 6 31 158 55
6 -5 6 31 158 55
-8 -4 6 77 179 44
-7 -4 6 31 158 55
-6 -4 6 31 158 55
-5 -4 6 31 158 55
-4 -4 6 31 158 55
-3 -4 6 31 158 55
-2 -4 6 31 158 55
-1 -4 6 31 158 55
0 -4 6 31 158 55
1 -4 6 31 158 55
2 -4 6 31 158 55
3 -4 6 31 158 55
4 -4 6 31 158 55
5 -4 6 31 158 55
6 -4 6 31 158 55
7 -4 6 77 179 44
-7 -3 6 31 158 55
-6 -3 6 31 158 55
-5 -3 6 31 158 55
-4 -3 6 31 158 55
-3 -3 6 31 158 55
-2 -3 6 31 158 55
-1 -3 6 31 158 55
0 -3 6 31 158 55
1 -3 6 31 158 55
2 -3 6 31 158 55
3 -3 6 31 158 55
4 -3 6 31 158 55
5 -3 6 31 158 55
6 -3 6 31 158 55
7 -3 6 115 197 42
-7 -2 6 31 158 55
-6 -2 6 31 158 55
-5 -2 6 31 158 55
-4 -2 6 31 158 55
-3 -2 6 31 158 55
-2 -2 6 31 158 55
-1 -2 6 31 158 55
0 -2 6 31 158 55
1 -2 6 31 158 55
2 -2 6 31 158 55
3 -2 6 31 158 55
4 -2 6 31 158 55
5 -2 6 31 158 55
6 -2 6 31 158 55
7 -2 6 77 179 44
-7 -1 6 31 158 55
-6 -1 6 31 158 55
-5 -1 6 31 158 55
-4 -1 6 31 158 55
-3 -1 6 31 158 55
-2 -1 6 31 158 55
-1 -1 6 31 158 55
0 -1 6 31 158 55
1 -1 6 31 158 55
2 -1 6 31 158 55
3 -1 6 31 158 55
4 -1 6 31 158 55
5 -1 6 31 158 55
6 -1 6 31 158 55
-8 0 6 77 179 44
-7 0 6 31 158 55
-6 0 6 31 158 55
-5 0 6 31 158 55
-4 0 6 31 158 55
-3 0 6 31 158 55
-2 0 6 31 158 55
-1 0 6 31 158 55
0 0 6 31 158 55
1 0 6 31 158 55
2 0 6 31 158 55
3 0 6 31 158 55
4 0 6 31 158 55
5 0 6 31 158 55
6 0 6 31 158 55
-8 1 6 115 197 42
-7 1 6 31 158 55
-6 1 6 31 158 55
-5 1 6 31 158 55
-4 1 6 31 158 55
-3 1 6 31 158 55
-2 1 6 31 158 55
-1 1 6 31 158 55
0 1 6 31 158 55
1 1 6 31 158 55
2 1 6 31 158 55
3 1 6 31 158 55
4 1 6 31 158 55
5 1 6 31 158 55
6 1 6 31 158 55
-8 2 6 115 197 42
-7 2 6 31 158 55
-6 2 6 31 158 55
-5 2 6 31 158 55
-4 2 6 31 158 55
-3 2 6 31 158 55
-2 2 6 31 158 55
-1 2 6 31 158 55
0 2 6 31 158 55
1 2 6 31 158 55
2 2 6 31 158 55
3 2 6 31 158 55
4 2 6 31 158 55
5 2 6 31 158 55
6 2 6 31 158 55
7 2 6 77 179 44
-8 3 6 77 179 44
-7 3 6 31 158 55
-6 3 6 31 158 55
-5 3 6 31 158 55
-4 3 6 31 158 55
-3 3 6 31 158 55
-2 3 6 31 158 55
-1 3 6 31 158 55
0 3 6 31 158 55
1 3 6 31 158 55
2 3 6 31 158 55
3 3 6 31 158 55
4 3 6 31 158 55
5 3 6 31 158 55
6 3 6 31 158 55
-7 4 6 31 158 55
-6 4 6 31 158 55
-5 4 6 31 158 55
-4 4 6 31 158 55
-3 4 6 31 158 55
-2 4 6 31 158 55
-1 4 6 31 158 55
0 4 6 31 158 55
1 4 6 31 158 55
2 4 6 31 158 55
3 4 6 31 158 55
4 4 6 31 158 55
5 4 6 31 158 55
6 4 6 31 158 55
-8 5 6 77 179 44
-7 5 6 31 158 55
-6 5 6 31 158 55
-5 5 6 31 158 55
-4 5 6 31 158 55
-3 5 6 31 158 55
-2 5 6 31 158 55
-1 5 6 31 158 55
0 5 6 31 158 55
1 5 6 31 158 55
2 5 6 31 158 55
3 5 6 31 158 55
4 5 6 31 158 55
5 5 6 31 158 55
6 5 6 31 158 55
-8 6 6 77 179 44
-7 6 6 31 158 55
-6 6 6 31 158 55
-5 6 6 31 158 55
-4 6 6 31 158 55
-3 6 6 31 158 55
-2 6 6 31 158 55
-1 6 6 31 158 55
0 6 6 31 158 55
1 6 6 31 158 55
2 6 6 31 158 55
3 6 6 31 158 55
4 6 6 31 158 55
5 6 6 31 158 55
6 6 6 31 158 55
-8 7 6 77 179 44
-4 7 6 77 179 44
-2 7 6 77 179 44
0 7 6 115 197 42
4 7 6 77 179 44
-7 -8 7 77 179 44
-5 -8 7 77 179 44
-3 -8 7 77 179 44
1 -8 7 77 179 44
3 -8 7 77 179 44
5 -8 7 77 179 44
7 -8 7 77 179 44
-7 -7 7 31 158 55
-6 -7 7 31 158 55
-5 -7 7 31 158 55
-4 -7 7 31 158 55
-3 -7 7 31 158 55
-2 -7 7 31 158 55
-1 -7 7 31 158 55
0 -7 7 31 158 55
1 -7 7 31 158 55
2 -7 7 31 158 55
3 -7 7 31 158 55
4 -7 7 31 158 55
5 -7 7 31 158 55
6 -7 7 31 158 55
7 -7 7 115 197 42
-7 -6 7 31 158 55
-6 -6 7 31 158 55
-5 -6 7 31 158 55
-4 -6 7 31 158 55
-3 -6 7 31 158 55
-2 -6 7 31 158 55
-1 -6 7 31 158 55
0 -6 7 31 158 55
1 -6 7 31 158 55
2 -6 7 31 158 55
3 -6 7 31 158 55
4 -6 7 31 158 55
5 -6 7 31 158 55
6 -6 7 31 158 55
7 -6 7 77 179 44
-8 -5 7 77 179 44
-7 -5 7 31 158 55
-6 -5 7 31 158 55
-5 -5 7 31 158 55
-4 -5 7 31 158 55
-3 -5 7 31 158 55
-2 -5 7 31 158 55
-1 -5 7 31 158 55
0 -5 7 31 158 55
1 -5 7 31 158 55
2 -5 7 31 158 55
3 -5 7 31 158 55
4 -5 7 31 158 55
5 -5 7 31 158 55
6 -5 7 31 158 55
-8 -4 7 77 179 44
-7 -4 7 31 158 55
-6 -4 7 31 158 55
-5 -4 7 31 158 55
-4 -4 7 31 158 55
-3 -4 7 31 158 55
-2 -4 7 31 158 55
-1 -4 7 31 158 55
0 -4 7 31 158 55
1 -4 7 31 158 55
2 -4 7 31 158 55
3 -4 7 31 158 55
4 -4 7 31 158 55
5 -4 7 31 158 55
6 -4 7 31 158 55
-8 -3 7 115 197 42
-7 -3 7 31 158 55
-6 -3 7 31 158 55
-5 -3 7 31 158 55
-4 -3 7 31 158 55
-3 -3 7 31 158 55
-2 -3 7 31 158 55
-1 -3 7 31 158 55
0 -3 7 31 158 55
1 -3 7 31 158 55
2 -3 7 31 158 55
3 -3 7 31 158 55
4 -3 7 31 158 55
5 -3 7 31 158 55
6 -3 7 31 158 55
-8 -2 7 115 197 42
-7 -2 7 31 158 55
-6 -2 7 31 158 55
-5 -2 7 31 158 55
-4 -2 7 31 158 55
-3 -2 7 31 158 55
-2 -2 7 31 158 55
-1 -2 7 31 158 55
0 -2 7 31 158 55
1 -2 7 31 158 55
2 -2 7 31 158 55
3 -2 7 31 158 55
4 -2 7 31 158 55
5 -2 7 31 158 55
6 -2 7 31 158 55
-8 -1 7 77 179 44
-7 -1 7 31 158 55
-6 -1 7 31 158 55
-5 -1 7 31 158 55
-4 -1 7 31 158 55
-3 -1 7 31 158 55
-2 -1 7 31 158 55
-1 -1 7 31 158 55
0 -1 7 31 158 55
1 -1 7 31 158 55
2 -1 7 31 158 55
3 -1 7 31 158 55
4 -1 7 31 158 55
5 -1 7 31 158 55
6 -1 7 31 158 55
-7 0 7 31 158 55
-6 0 7 31 158 55
-5 0 7 31 158 55
-4 0 7 31 158 55
-3 0 7 31 158 55
-2 0 7 31 158 55
-1 0 7 31 158 55
0 0 7 31 158 55
1 0 7 31 158 55
2 0 7 31 158 55
3 0 7 31 158 55
4 0 7 31 158 55
5 0 7 31 158 55
6 0 7 31 158 55
-7 1 7 31 158 55
-6 1 7 31 158 55
-5 1 7 31 158 55
-4 1 7 31 158 55
-3 1 7 31 158 55
-2 1 7 31 158 55
-1 1 7 31 158 55
0 1 7 31 158 55
1 1 7 31 158 55
2 1 7 31 158 55
3 1 7 31 158 55
4 1 7 31 158 55
5 1 7 31 158 55
6 1 7 31 158 55
7 1 7 77 179 44
-7 2 7 31 158 55
-6 2 7 31 158 55
-5 2 7 31 158 55
-4 2 7 31 158 55
-3 2 7 31 158 55
-2 2 7 31 158 55
-1 2 7 31 158 55
0 2 7 31 158 55
1 2 7 31 158 55
2 2 7 31 158 55
3 2 7 31 158 55
4 2 7 31 158 55
5 2 7 31 158 55
6 2 7 31 158 55
7 2 7 77 179 44
-7 3 7 31 158 55
-6 3 7 31 158 55
-5 3 7 31 158 55
-4 3 7 31 158 55
-3 3 7 31 158 55
-2 3 7 31 158 55
-1 3 7 31 158 55
0 3 7 31 158 55
1 3 7 31 158 55
2 3 7 31 158 55
3 3 7 31 158 55
4 3 7 31 158 55
5 3 7 31 158 55
6 3 7 31 158 55
7 3 7 115 197 42
-7 4 7 31 158 55
-6 4 7 31 158 55
-5 4 7 31 158 55
-4 4 7 31 158 55
-3 4 7 31 158 55
-2 4 7 31 158 55
-1 4 7 31 158 55
0 4 7 31 158 55
1 4 7 31 158 55
2 4 7 31 158 55
3 4 7 31 158 55
4 4 7 31 158 55
5 4 7 31 158 55
6 4 7 31 158 55
7 4 7 115 197 42
-7 5 7 31 158 55
-6 5 7 31 158 55
-5 5 7 31 158 55
-4 5 7 31 158 55
-3 5 7 31 158 55
-2 5 7 31 158 55
-1 5 7 31 158 55
0 5 7 31 158 55
1 5 7 31 158 55
2 5 7 31 158 55
3 5 7 31 158 55
4 5 7 31 158 55
5 5 7 31 158 55
6 5 7 31 158 55
7 5 7 77 179 44
-7 6 7 31 158 55
-6 6 7 31 158 55
-5 6 7 31 158 55
-4 6 7 31 158 55
-3 6 7 31 158 55
-2 6 7 31 158 55
-1 6 7 31 158 55
0 6 7 31 158 55
1 6 7 31 158 55
2 6 7 31 158 55
3 6 7 31 158 55
4 6 7 31 158 55
5 6 7 31 158 55
6 6 7 31 158 55
-5 7 7 77 179 44
0 7 7 77 179 44
7 7 7 77 179 44
-8 -8 8 77 179 44
-5 -8 8 77 179 44
0 -8 8 77 179 44
7 -8 8 77 179 44
-8 -7 8 115 197 42
-7 -7 8 31 158 55
-6 -7 8 31 158 55
-5 -7 8 31 158 55
-4 -7 8 31 158 55
-3 -7 8 31 158 55
-2 -7 8 31 158 55
-1 -7 8 31 158 55
0 -7 8 31 158 55
1 -7 8 31 158 55
2 -7 8 31 158 55
3 -7 8 31 158 55
4 -7 8 31 158 55
5 -7 8 31 158 55
6 -7 8 31 158 55
-8 -6 8 77 179 44
-7 -6 8 31 158 55
-6 -6 8 31 158 55
-5 -6 8 31 158 55
-4 -6 8 31 158 55
-3 -6 8 31 158 55
-2 -6 8 31 158 55
-1 -6 8 31 158 55
0 -6 8 31 158 55
1 -6 8 31 158 55
2 -6 8 31 158 55
3 -6 8 31 158 55
4 -6 8 31 158 55
5 -6 8 31 158 55
6 -6 8 31 158 55
-7 -5 8 31 158 55
-6 -5 8 31 158 55
-5 -5 8 31 158 55
-4 -5 8 31 158 55
-3 -5 8 31 158 55
-2 -5 8 31 158 55
-1 -5 8 31 158 55
0 -5 8 31 158 55
1 -5 8 31 158 55
2 -5 8 31 158 55
3 -5 8 31 158 55
4 -5 8 31 158 55
5 -5 8 31 158 55
6 -5 8 31 158 55
7 -5 8 77 179 44
-7 -4 8 31 158 55
-6 -4 8 31 158 55
-5 -4 8 31 158 55
-4 -4 8 31 158 55
-3 -4 8 31 158 55
-2 -4 8 31 158 55
-1 -4 8 31 158 55
0 -4 8 31 158 55
1 -4 8 31 158 55
2 -4 8 31 158 55
3 -4 8 31 158 55
4 -4 8 31 158 55
5 -4 8 31 158 55
6 -4 8 31 158 55
7 -4 8 77 179 44
-7 -3 8 31 158 55
-6 -3 8 31 158 55
-5 -3 8 31 158 55
-4 -3 8 31 158 55
-3 -3 8 31 158 55
-2 -3 8 31 158 55
-1 -3 8 31 158 55
0 -3 8 31 158 55
1 -3 8 31 158 55
2 -3 8 31 158 55
3 -3 8 31 158 55
4 -3 8 31 158 55
5 -3 8 31 158 55
6 -3 8 31 158 55
7 -3 8 115 197 42
-7 -2 8 31 158 55
-6 -2 8 31 158 55
-5 -2 8 31 158 55
-4 -2 8 31 158 55
-3 -2 8 31 158 55
-2 -2 8 31 158 55
-1 -2 8 31 158 55
0 -2 8 31 158 55
1 -2 8 31 158 55
2 -2 8 31 158 55
3 -2 8 31 158 55
4 -2 8 31 158 55
5 -2 8 31 158 55
6 -2 8 31 158 55
7 -2 8 115 197 42
-7 -1 8 31 158 55
-6 -1 8 31 158 55
-5 -1 8 31 158 55
-4 -1 8 31 158 55
-3 -1 8 31 158 55
-2 -1 8 31 158 55
-1 -1 8 31 158 55
0 -1 8 31 158 55
1 -1 8 31 158 55
2 -1 8 31 158 55
3 -1 8 31 158 55
4 -1 8 31 158 55
5 -1 8 31 158 55
6 -1 8 31 158 55
7 -1 8 77 179 44
-7 0 8 31 158 55
-6 0 8 31 158 55
-5 0 8 31 158 55
-4 0 8 31 158 55
-3 0 8 31 158 55
-2 0 8 31 158 55
-1 0 8 31 158 55
0 0 8 31 158 55
1 0 8 31 158 55
2 0 8 31 158 55
3 0 8 31 158 55
4 0 8 31 158 55
5 0 8 31 158 55
6 0 8 31 158 55
-8 1 8 77 179 44
-7 1 8 31 158 55
-6 1 8 31 158 55
-5 1 8 31 158 55
-4 1 8 31 158 55
-3 1 8 31 158 55
-2 1 8 31 158 55
-1 1 8 31 158 55
0 1 8 31 158 55
1 1 8 31 158 55
2 1 8 31 158 55
3 1 8 31 158 55
4 1 8 31 158 55
5 1 8 31 158 55
6 1 8 31 158 55
-8 2 8 77 179 44
-7 2 8 31 158 55
-6 2 8 31 158 55
-5 2 8 31 158 55
-4 2 8 31 158 55
-3 2 8 31 158 55
-2 2 8 31 158 55
-1 2 8 31 158 55
0 2 8 31 158 55
1 2 8 31 158 55
2 2 8 31 158 55
3 2 8 31 158 55
4 2 8 31 158 55
5 2 8 31 158 55
6 2 8 31 158 55
-8 3 8 115 197 42
-7 3 8 31 158 55
-6 3 8 31 158 55
-5 3 8 31 158 55
-4 3 8 31 158 55
-3 3 8 31 158 55
-2 3 8 31 158 55
-1 3 8 31 158 55
0 3 8 31 158 55
1 3 8 31 158 55
2 3 8 31 158 55
3 3 8 31 158 55
4 3 8 31 158 55
5 3 8 31 158 55
6 3 8 31 158 55
-8 4 8 115 197 42
-7 4 8 31 158 55
-6 4 8 31 158 55
-5 4 8 31 158 55
-4 4 8 31 158 55
-3 4 8 31 158 55
-2 4 8 31 158 55
-1 4 8 31 158 55
0 4 8 31 158 55
1 4 8 31 158 55
2 4 8 31 158 55
3 4 8 31 158 55
4 4 8 31 158 55
5 4 8 31 158 55
6 4 8 31 158 55
-8 5 8 77 179 44
-7 5 8 31 158 55
-6 5 8 31 158 55
-5 5 8 31 158 55
-4 5 8 31 158 55
-3 5 8 31 158 55
-2 5 8 31 158 55
-1 5 8 31 158 55
0 5 8 31 158 55
1 5 8 31 158 55
2 5 8 31 158 55
3 5 8 31 158 55
4 5 8 31 158 55
5 5 8 31 158 55
6 5 8 31 158 55
-7 6 8 31 158 55
-6 6 8 31 158 55
-5 6 8 31 158 55
-4 6 8 31 158 55
-3 6 8 31 158 55
-2 6 8 31 158 55
-1 6 8 31 158 55
0 6 8 31 158 55
1 6 8 31 158 55
2 6 8 31 158 55
3 6 8 31 158 55
4 6 8 31 158 55
5 6 8 31 158 55
6 6 8 31 158 55
-7 7 8 77 179 44
-5 7 8 77 179 44
-3 7 8 77 179 44
1 7 8 77 179 44
3 7 8 77 179 44
5 7 8 77 179 44
7 7 8 77 179 44
-8 -8 9 77 179 44
-4 -8 9 77 179 44
-2 -8 9 77 179 44
0 -8 9 115 197 42
4 -8 9 77 179 44
7 -8 9 115 197 42
-8 -7 9 77 179 44
-7 -7 9 31 158 55
-6 -7 9 31 158 55
-5 -7 9 31 158 55
-4 -7 9 31 158 55
-3 -7 9 31 158 55
-2 -7 9 31 158 55
-1 -7 9 31 158 55
0 -7 9 31 158 55
1 -7 9 31 158 55
2 -7 9 31 158 55
3 -7 9 31 158 55
4 -7 9 31 158 55
5 -7 9 31 158 55
6 -7 9 31 158 55
7 -7 9 77 179 44
-7 -6 9 31 158 55
-6 -6 9 31 158 55
-5 -6 9 31 158 55
-4 -6 9 31 158 55
-3 -6 9 31 158 55
-2 -6 9 31 158 55
-1 -6 9 31 158 55
0 -6 9 31 158 55
1 -6 9 31 158 55
2 -6 9 31 158 55
3 -6 9 31 158 55
4 -6 9 31 158 55
5 -6 9 31 158 55
6 -6 9 31 158 55
-7 -5 9 31 158 55
-6 -5 9 31 158 55
-5 -5 9 31 158 55
-4 -5 9 31 158 55
-3 -5 9 31 158 55
-2 -5 9 31 158 55
-1 -5 9 31 158 55
0 -5 9 31 158 55
1 -5 9 31 158 55
2 -5 9 31 158 55
3 -5 9 31 158 55
4 -5 9 31 158 55
5 -5 9 31 158 55
6 -5 9 31 158 55
-8 -4 9 77 179 44
-7 -4 9 31 158 55
-6 -4 9 31 158 55
-5 -4 9 31 158 55
-4 -4 9 31 158 55
-3 -4 9 31 158 55
-2 -4 9 31 158 55
-1 -4 9 31 158 55
0 -4 9 31 158 55
1 -4 9 31 158 55
2 -4 9 31 158 55
3 -4 9 31 158 55
4 -4 9 31 158 55
5 -4 9 31 158 55
6 -4 9 31 158 55
7 -4 9 77 179 44
-8 -3 9 115 197 42
-7 -3 9 31 158 55
-6 -3 9 31 158 55
-5 -3 9 31 158 55
-4 -3 9 31 158 55
-3 -3 9 31 158 55
-2 -3 9 31 158 55
-1 -3 9 31 158 55
0 -3 9 31 158 55
1 -3 9 31 158 55
2 -3 9 31 158 55
3 -3 9 31 158 55
4 -3 9 31 158 55
5 -3 9 31 158 55
6 -3 9 31 158 55
-8 -2 9 77 179 44
-7 -2 9 31 158 55
-6 -2 9 31 158 55
-5 -2 9 31 158 55
-4 -2 9 31 158 55
-3 -2 9 31 158 55
-2 -2 9 31 158 55
-1 -2 9 31 158 55
0 -2 9 31 158 55
1 -2 9 31 158 55
2 -2 9 31 158 55
3 -2 9 31 158 55
4 -2 9 31 158 55
5 -2 9 31 158 55
6 -2 9 31 158 55
-7 -1 9 31 158 55
-6 -1 9 31 158 55
-5 -1 9 31 158 55
-4 -1 9 31 158 55
-3 -1 9 31 158 55
-2 -1 9 31 158 55
-1 -1 9 31 158 55
0 -1 9 31 158 55
1 -1 9 31 158 55
2 -1 9 31 158 55
3 -1 9 31 158 55
4 -1 9 31 158 55
5 -1 9 31 158 55
6 -1 9 31 158 55
-7 0 9 31 158 55
-6 0 9 31 158 55
-5 0 9 31 158 55
-4 0 9 31 158 55
-3 0 9 31 158 55
-2 0 9 31 158 55
-1 0 9 31 158 55
0 0 9 31 158 55
1 0 9 31 158 55
2 0 9 31 158 55
3 0 9 31 158 55
4 0 9 31 158 55
5 0 9 31 158 55
6 0 9 31 158 55
7 0 9 77 179 44
-7 1 9 31 158 55
-6 1 9 31 158 55
-5 1 9 31 158 55
-4 1 9 31 158 55
-3 1 9 31 158 55
-2 1 9 31 158 55
-1 1 9 31 158 55
0 1 9 31 158 55
1 1 9 31 158 55
2 1 9 31 158 55
3 1 9 31 158 55
4 1 9 31 158 55
5 1 9 31 158 55
6 1 9 31 158 55
7 1 9 115 197 42
-8 2 9 77 179 44
-7 2 9 31 158 55
-6 2 9 31 158 55
-5 2 9 31 158 55
-4 2 9 31 158 55
-3 2 9 31 158 55
-2 2 9 31 158 55
-1 2 9 31 158 55
0 2 9 31 158 55
1 2 9 31 158 55
2 2 9 31 158 55
3 2 9 31 158 55
4 2 9 31 158 55
5 2 9 31 158 55
6 2 9 31 158 55
7 2 9 115 197 42
-7 3 9 31 158 55
-6 3 9 31 158 55
-5 3 9 31 158 55
-4 3 9 31 158 55
-3 3 9 31 158 55
-2 3 9 31 158 55
-1 3 9 31 158 55
0 3 9 31 158 55
1 3 9 31 158 55
2 3 9 31 158 55
3 3 9 31 158 55
4 3 9 31 158 55
5 3 9 31 158 55
6 3 9 31 158 55
7 3 9 77 179 44
-7 4 9 31 158 55
-6 4 9 31 158 55
-5 4 9 31 158 55
-4 4 9 31 158 55
-3 4 9 31 158 55
-2 4 9 31 158 55
-1 4 9 31 158 55
0 4 9 31 158 55
1 4 9 31 158 55
2 4 9 31 158 55
3 4 9 31 158 55
4 4 9 31 158 55
5 4 9 31 158 55
6 4 9 31 158 55
-7 5 9 31 158 55
-6 5 9 31 158 55
-5 5 9 31 158 55
-4 5 9 31 158 55
-3 5 9 31 158 55
-2 5 9 31 158 55
-1 5 9 31 158 55
0 5 9 31 158 55
1 5 9 31 158 55
2 5 9 31 158 55
3 5 9 31 158 55
4 5 9 31 158 55
5 5 9 31 158 55
6 5 9 31 158 55
7 5 9 77 179 44
-7 6 9 31 158 55
-6 6 9 31 158 55
-5 6 9 31 158 55
-4 6 9 31 158 55
-3 6 9 31 158 55
-2 6 9 31 158 55
-1 6 9 31 158 55
0 6 9 31 158 55
1 6 9 31 158 55
2 6 9 31 158 55
3 6 9 31 158 55
4 6 9 31 158 55
5 6 9 31 158 55
6 6 9 31 158 55
7 6 9 77 179 44
-8 7 9 77 179 44
-7 7 9 77 179 44
-5 7 9 77 179 44
-3 7 9 115 197 42
-1 7 9 77 179 44
1 7 9 115 197 42
3 7 9 77 179 44
4 7 9 77 179 44
5 7 9 77 179 44
7 7 9 77 179 44
-8 -8 10 115 197 42
-6 -8 10 77 179 44
-4 -8 10 115 197 42
-3 -8 10 77 179 44
-2 -8 10 115 197 42
0 -8 10 115 197 42
2 -8 10 77 179 44
4 -8 10 115 197 42
5 -8 10 77 179 44
6 -8 10 77 179 44
-8 -7 10 115 197 42
-7 -7 10 31 158 55
-6 -7 10 31 158 55
-5 -7 10 31 158 55
-4 -7 10 31 158 55
-3 -7 10 31 158 55
-2 -7 10 31 158 55
-1 -7 10 31 158 55
0 -7 10 31 158 55
1 -7 10 31 158 55
2 -7 10 31 158 55
3 -7 10 31 158 55
4 -7 10 31 158 55
5 -7 10 31 158 55
6 -7 10 31 158 55
-8 -6 10 77 179 44
-7 -6 10 31 158 55
-6 -6 10 31 158 55
-5 -6 10 31 158 55
-4 -6 10 31 158 55
-3 -6 10 31 158 55
-2 -6 10 31 158 55
-1 -6 10 31 158 55
0 -6 10 31 158 55
1 -6 10 31 158 55
2 -6 10 31 158 55
3 -6 10 31 158 55
4 -6 10 31 158 55
5 -6 10 31 158 55
6 -6 10 31 158 55
7 -6 10 77 179 44
-7 -5 10 31 158 55
-6 -5 10 31 158 55
-5 -5 10 31 158 55
-4 -5 10 31 158 55
-3 -5 10 31 158 55
-2 -5 10 31 158 55
-1 -5 10 31 158 55
0 -5 10 31 158 55
1 -5 10 31 158 55
2 -5 10 31 158 55
3 -5 10 31 158 55
4 -5 10 31 158 55
5 -5 10 31 158 55
6 -5 10 31 158 55
7 -5 10 115 197 42
-7 -4 10 31 158 55
-6 -4 10 31 158 55
-5 -4 10 31 158 55
-4 -4 10 31 158 55
-3 -4 10 31 158 55
-2 -4 10 31 158 55
-1 -4 10 31 158 55
0 -4 10 31 158 55
1 -4 10 31 158 55
2 -4 10 31 158 55
3 -4 10 31 158 55
4 -4 10 31 158 55
5 -4 10 31 158 55
6 -4 10 31 158 55
7 -4 10 115 197 42
-8 -3 10 77 179 44
-7 -3 10 31 158 55
-6 -3 10 31 158 55
-5 -3 10 31 158 55
-4 -3 10 31 158 55
-3 -3 10 31 158 55
-2 -3 10 31 158 55
-1 -3 10 31 158 55
0 -3 10 31 158 55
1 -3 10 31 158 55
2 -3 10 31 158 55
3 -3 10 31 158 55
4 -3 10 31 158 55
5 -3 10 31 158 55
6 -3 10 31 158 55
7 -3 10 77 179 44
-7 -2 10 31 158 55
-6 -2 10 31 158 55
-5 -2 10 31 158 55
-4 -2 10 31 158 55
-3 -2 10 31 158 55
-2 -2 10 31 158 55
-1 -2 10 31 158 55
0 -2 10 31 158 55
1 -2 10 31 158 55
2 -2 10 31 158 55
3 -2 10 31 158 55
4 -2 10 31 158 55
5 -2 10 31 158 55
6 -2 10 31 158 55
-7 -1 10 31 158 55
-6 -1 10 31 158 55
-5 -1 10 31 158 55
-4 -1 10 31 158 55
-3 -1 10 31 158 55
-2 -1 10 31 158 55
-1 -1 10 31 158 55
0 -1 10 31 158 55
1 -1 10 31 158 55
2 -1 10 31 158 55
3 -1 10 31 158 55
4 -1 10 31 158 55
5 -1 10 31 158 55
6 -1 10 31 158 55
-8 0 10 77 179 44
-7 0 10 31 158 55
-6 0 10 31 158 55
-5 0 10 31 158 55
-4 0 10 31 158 55
-3 0 10 31 158 55
-2 0 10 31 158 55
-1 0 10 31 158 55
0 0 10 31 158 55
1 0 10 31 158 55
2 0 10 31 158 55
3 0 10 31 158 55
4 0 10 31 158 55
5 0 10 31 158 55
6 0 10 31 158 55
-8 1 10 115 197 42
-7 1 10 31 158 55
-6 1 10 31 158 55
-5 1 10 31 158 55
-4 1 10 31 158 55
-3 1 10 31 158 55
-2 1 10 31 158 55
-1 1 10 31 158 55
0 1 10 31 158 55
1 1 10 31 158 55
2 1 10 31 158 55
3 1 10 31 158 55
4 1 10 31 158 55
5 1 10 31 158 55
6 1 10 31 158 55
-8 2 10 115 197 42
-7 2 10 31 158 55
-6 2 10 31 158 55
-5 2 10 31 158 55
-4 2 10 31 158 55
-3 2 10 31 158 55
-2 2 10 31 158 55
-1 2 10 31 158 55
0 2 10 31 158 55
1 2 10 31 158 55
2 2 10 31 158 55
3 2 10 31 158 55
4 2 10 31 158 55
5 2 10 31 158 55
6 2 10 31 158 55
-8 3 10 77 179 44
-7 3 10 31 158 55
-6 3 10 31 158 55
-5 3 10 31 158 55
-4 3 10 31 158 55
-3 3 10 31 158 55
-2 3 10 31 158 55
-1 3 10 31 158 55
0 3 10 31 158 55
1 3 10 31 158 55
2 3 10 31 158 55
3 3 10 31 158 55
4 3 10 31 158 55
5 3 10 31 158 55
6 3 10 31 158 55
-7 4 10 31 158 55
-6 4 10 31 158 55
-5 4 10 31 158 55
-4 4 10 31 158 55
-3 4 10 31 158 55
-2 4 10 31 158 55
-1 4 10 31 158 55
0 4 10 31 158 55
1 4 10 31 158 55
2 4 10 31 158 55
3 4 10 31 158 55
4 4 10 31 158 55
5 4 10 31 158 55
6 4 10 31 158 55
-7 5 10 31 158 55
-6 5 10 31 158 55
-5 5 10 31 158 55
-4 5 10 31 158 55
-3 5 10 31 158 55
-2 5 10 31 158 55
-1 5 10 31 158 55
0 5 10 31 158 55
1 5 10 31 158 55
2 5 10 31 158 55
3 5 10 31 158 55
4 5 10 31 158 55
5 5 10 31 158 55
6 5 10 31 158 55
-8 6 10 77 179 44
-7 6 10 31 158 55
-6 6 10 31 158 55
-5 6 10 31 158 55
-4 6 10 31 158 55
-3 6 10 31 158 55
-2 6 10 31 158 55
-1 6 10 31 158 55
0 6 10 31 158 55
1 6 10 31 158 55
2 6 10 31 158 55
3 6 10 31 158 55
4 6 10 31 158 55
5 6 10 31 158 55
6 6 10 31 158 55
-8 7 10 77 179 44
-7 7 10 77 179 44
-3 7 10 115 197 42
-2 7 10 77 179 44
-1 7 10 77 179 44
1 7 10 115 197 42
3 7 10 115 197 42
5 7 10 77 179 44
7 7 10 77 179 44
-8 -8 11 115 197 42
-6 -8 11 115 197 42
-4 -8 11 115 197 42
-2 -8 11 77 179 44
0 -8 11 77 179 44
1 -8 11 77 179 44
2 -8 11 115 197 42
4 -8 11 115 197 42
6 -8 11 115 197 42
7 -8 11 115 197 42
-7 -7 11 31 158 55
-6 -7 11 31 158 55
-5 -7 11 31 158 55
-4 -7 11 31 158 55
-3 -7 11 31 158 55
-2 -7 11 31 158 55
-1 -7 11 31 158 55
0 -7 11 31 158 55
1 -7 11 31 158 55
2 -7 11 31 158 55
3 -7 11 31 158 55
4 -7 11 31 158 55
5 -7 11 31 158 55
6 -7 11 31 158 55
7 -7 11 77 179 44
-7 -6 11 31 158 55
-6 -6 11 31 158 55
-5 -6 11 31 158 55
-4 -6 11 31 158 55
-3 -6 11 31 158 55
-2 -6 11 31 158 55
-1 -6 11 31 158 55
0 -6 11 31 158 55
1 -6 11 31 158 55
2 -6 11 31 158 55
3 -6 11 31 158 55
4 -6 11 31 158 55
5 -6 11 31 158 55
6 -6 11 31 158 55
-8 -5 11 77 179 44
-7 -5 11 31 158 55
-6 -5 11 31 158 55
-5 -5 11 31 158 55
-4 -5 11 31 158 55
-3 -5 11 31 158 55
-2 -5 11 31 158 55
-1 -5 11 31 158 55
0 -5 11 31 158 55
1 -5 11 31 158 55
2 -5 11 31 158 55
3 -5 11 31 158 55
4 -5 11 31 158 55
5 -5 11 31 158 55
6 -5 11 31 158 55
-8 -4 11 115 197 42
-7 -4 11 31 158 55
-6 -4 11 31 158 55
-5 -4 11 31 158 55
-4 -4 11 31 158 55
-3 -4 11 31 158 55
-2 -4 11 31 158 55
-1 -4 11 31 158 55
0 -4 11 31 158 55
1 -4 11 31 158 55
2 -4 11 31 158 55
3 -4 11 31 158 55
4 -4 11 31 158 55
5 -4 11 31 158 55
6 -4 11 31 158 55
-8 -3 11 115 197 42
-7 -3 11 31 158 55
-6 -3 11 31 158 55
-5 -3 11 31 158 55
-4 -3 11 31 158 55
-3 -3 11 31 158 55
-2 -3 11 31 158 55
-1 -3 11 31 158 55
0 -3 11 31 158 55
1 -3 11 31 158 55
2 -3 11 31 158 55
3 -3 11 31 158 55
4 -3 11 31 158 55
5 -3 11 31 158 55
6 -3 11 31 158 55
-8 -2 11 77 179 44
-7 -2 11 31 158 55
-6 -2 11 31 158 55
-5 -2 11 31 158 55
-4 -2 11 31 158 55
-3 -2 11 31 158 55
-2 -2 11 31 158 55
-1 -2 11 31 158 55
0 -2 11 31 158 55
1 -2 11 31 158 55
2 -2 11 31 158 55
3 -2 11 31 158 55
4 -2 11 31 158 55
5 -2 11 31 158 55
6 -2 11 31 158 55
-7 -1 11 31 158 55
-6 -1 11 31 158 55
-5 -1 11 31 158 55
-4 -1 11 31 158 55
-3 -1 11 31 158 55
-2 -1 11 31 158 55
-1 -1 11 31 158 55
0 -1 11 31 158 55
1 -1 11 31 158 55
2 -1 11 31 158 55
3 -1 11 31 158 55
4 -1 11 31 158 55
5 -1 11 31 158 55
6 -1 11 31 158 55
-7 0 11 31 158 55
-6 0 11 31 158 55
-5 0 11 31 158 55
-4 0 11 31 158 55
-3 0 11 31 158 55
-2 0 11 31 158 55
-1 0 11 31 158 55
0 0 11 31 158 55
1 0 11 31 158 55
2 0 11 31 158 55
3 0 11 31 158 55
4 0 11 31 158 55
5 0 11 31 158 55
6 0 11 31 158 55
7 0 11 77 179 44
-7 1 11 31 158 55
-6 1 11 31 158 55
-5 1 11 31 158 55
-4 1 11 31 158 55
-3 1 11 31 158 55
-2 1 11 31 158 55
-1 1 11 31 158 55
0 1 11 31 158 55
1 1 11 31 158 55
2 1 11 31 158 55
3 1 11 31 158 55
4 1 11 31 158 55
5 1 11 31 158 55
6 1 11 31 158 55
7 1 11 77 179 44
-7 2 11 31 158 55
-6 2 11 31 158 55
-5 2 11 31 158 55
-4 2 11 31 158 55
-3 2 11 31 158 55
-2 2 11 31 158 55
-1 2 11 31 158 55
0 2 11 31 158 55
1 2 11 31 158 55
2 2 11 31 158 55
3 2 11 31 158 55
4 2 11 31 158 55
5 2 11 31 158 55
6 2 11 31 158 55
7 2 11 115 197 42
-7 3 11 31 158 55
-6 3 11 31 158 55
-5 3 11 31 158 55
-4 3 11 31 158 55
-3 3 11 31 158 55
-2 3 11 31 158 55
-1 3 11 31 158 55
0 3 11 31 158 55
1 3 11 31 158 55
2 3 11 31 158 55
3 3 11 31 158 55
4 3 11 31 158 55
5 3 11 31 158 55
6 3 11 31 158 55
7 3 11 115 197 42
-7 4 11 31 158 55
-6 4 11 31 158 55
-5 4 11 31 158 55
-4 4 11 31 158 55
-3 4 11 31 158 55
-2 4 11 31 158 55
-1 4 11 31 158 55
0 4 11 31 158 55
1 4 11 31 158 55
2 4 11 31 158 55
3 4 11 31 158 55
4 4 11 31 158 55
5 4 11 31 158 55
6 4 11 31 158 55
7 4 11 77 179 44
-7 5 11 31 158 55
-6 5 11 31 158 55
-5 5 11 31 158 55
-4 5 11 31 158 55
-3 5 11 31 158 55
-2 5 11 31 158 55
-1 5 11 31 158 55
0 5 11 31 158 55
1 5 11 31 158 55
2 5 11 31 158 55
3 5 11 31 158 55
4 5 11 31 158 55
5 5 11 31 158 55
6 5 11 31 158 55
-7 6 11 31 158 55
-6 6 11 31 158 55
-5 6 11 31 158 55
-4 6 11 31 158 55
-3 6 11 31 158 55
-2 6 11 31 158 55
-1 6 11 31 158 55
0 6 11 31 158 55
1 6 11 31 158 55
2 6 11 31 158 55
3 6 11 31 158 55
4 6 11 31 158 55
5 6 11 31 158 55
6 6 11 31 158 55
7 6 11 77 179 44
-8 7 11 77 179 44
-5 7 11 77 179 44
-3 7 11 77 179 44
-1 7 11 115 197 42
1 7 11 77 179 44
3 7 11 115 197 42
7 7 11 77 179 44
-8 -8 12 77 179 44
-7 -8 12 77 179 44
-6 -8 12 115 197 42
-4 -8 12 77 179 44
0 -8 12 77 179 44
2 -8 12 115 197 42
4 -8 12 77 179 44
6 -8 12 115 197 42
-7 -7 12 31 158 55
-6 -7 12 31 158 55
-5 -7 12 31 158 55
-4 -7 12 31 158 55
-3 -7 12 31 158 55
-2 -7 12 31 158 55
-1 -7 12 31 158 55
0 -7 12 31 158 55
1 -7 12 31 158 55
2 -7 12 31 158 55
3 -7 12 31 158 55
4 -7 12 31 158 55
5 -7 12 31 158 55
6 -7 12 31 158 55
-7 -6 12 31 158 55
-6 -6 12 31 158 55
-5 -6 12 31 158 55
-4 -6 12 31 158 55
-3 -6 12 31 158 55
-2 -6 12 31 158 55
-1 -6 12 31 158 55
0 -6 12 31 158 55
1 -6 12 31 158 55
2 -6 12 31 158 55
3 -6 12 31 158 55
4 -6 12 31 158 55
5 -6 12 31 158 55
6 -6 12 31 158 55
-7 -5 12 31 158 55
-6 -5 12 31 158 55
-5 -5 12 31 158 55
-4 -5 12 31 158 55
-3 -5 12 31 158 55
-2 -5 12 31 158 55
-1 -5 12 31 158 55
0 -5 12 31 158 55
1 -5 12 31 158 55
2 -5 12 31 158 55
3 -5 12 31 158 55
4 -5 12 31 158 55
5 -5 12 31 158 55
6 -5 12 31 158 55
7 -5 12 77 179 44
-7 -4 12 31 158 55
-6 -4 12 31 158 55
-5 -4 12 31 158 55
-4 -4 12 31 158 55
-3 -4 12 31 158 55
-2 -4 12 31 158 55
-1 -4 12 31 158 55
0 -4 12 31 158 55
1 -4 12 31 158 55
2 -4 12 31 158 55
3 -4 12 31 158 55
4 -4 12 31 158 55
5 -4 12 31 158 55
6 -4 12 31 158 55
7 -4 12 115 197 42
-7 -3 12 31 158 55
-6 -3 12 31 158 55
-5 -3 12 31 158 55
-4 -3 12 31 158 55
-3 -3 12 31 158 55
-2 -3 12 31 158 55
-1 -3 12 31 158 55
0 -3 12 31 158 55
1 -3 12 31 158 55
2 -3 12 31 158 55
3 -3 12 31 158 55
4 -3 12 31 158 55
5 -3 12 31 158 55
6 -3 12 31 158 55
7 -3 12 115 197 42
-7 -2 12 31 158 55
-6 -2 12 31 158 55
-5 -2 12 31 158 55
-4 -2 12 31 158 55
-3 -2 12 31 158 55
-2 -2 12 31 158 55
-1 -2 12 31 158 55
0 -2 12 31 158 55
1 -2 12 31 158 55
2 -2 12 31 158 55
3 -2 12 31 158 55
4 -2 12 31 158 55
5 -2 12 31 158 55
6 -2 12 31 158 55
7 -2 12 77 179 44
-8 -1 12 77 179 44
-7 -1 12 31 158 55
-6 -1 12 31 158 55
-5 -1 12 31 158 55
-4 -1 12 31 158 55
-3 -1 12 31 158 55
-2 -1 12 31 158 55
-1 -1 12 31 158 55
0 -1 12 31 158 55
1 -1 12 31 158 55
2 -1 12 31 158 55
3 -1 12 31 158 55
4 -1 12 31 158 55
5 -1 12 31 158 55
6 -1 12 31 158 55
-8 0 12 77 179 44
-7 0 12 31 158 55
-6 0 12 31 158 55
-5 0 12 31 158 55
-4 0 12 31 158 55
-3 0 12 31 158 55
-2 0 12 31 158 55
-1 0 12 31 158 55
0 0 12 31 158 55
1 0 12 31 158 55
2 0 12 31 158 55
3 0 12 31 158 55
4 0 12 31 158 55
5 0 12 31 158 55
6 0 12 31 158 55
-8 1 12 77 179 44
-7 1 12 31 158 55
-6 1 12 31 158 55
-5 1 12 31 158 55
-4 1 12 31 158 55
-3 1 12 31 158 55
-2 1 12 31 158 55
-1 1 12 31 158 55
0 1 12 31 158 55
1 1 12 31 158 55
2 1 12 31 158 55
3 1 12 31 158 55
4 1 12 31 158 55
5 1 12 31 158 55
6 1 12 31 158 55
7 1 12 77 179 44
-7 2 12 31 158 55
-6 2 12 31 158 55
-5 2 12 31 158 55
-4 2 12 31 158 55
-3 2 12 31 158 55
-2 2 12 31 158 55
-1 2 12 31 158 55
0 2 12 31 158 55
1 2 12 31 158 55
2 2 12 31 158 55
3 2 12 31 158 55
4 2 12 31 158 55
5 2 12 31 158 55
6 2 12 31 158 55
-8 3 12 77 179 44
-7 3 12 31 158 55
-6 3 12 31 158 55
-5 3 12 31 158 55
-4 3 12 31 158 55
-3 3 12 31 158 55
-2 3 12 31 158 55
-1 3 12 31 158 55
0 3 12 31 158 55
1 3 12 31 158 55
2 3 12 31 158 55
3 3 12 31 158 55
4 3 12 31 158 55
5 3 12 31 158 55
6 3 12 31 158 55
-8 4 12 115 197 42
-7 4 12 31 158 55
-6 4 12 31 158 55
-5 4 12 31 158 55
-4 4 12 31 158 55
-3 4 12 31 158 55
-2 4 12 31 158 55
-1 4 12 31 158 55
0 4 12 31 158 55
1 4 12 31 158 55
2 4 12 31 158 55
3 4 12 31 158 55
4 4 12 31 158 55
5 4 12 31 158 55
6 4 12 31 158 55
-8 5 12 115 197 42
-7 5 12 31 158 55
-6 5 12 31 158 55
-5 5 12 31 158 55
-4 5 12 31 158 55
-3 5 12 31 158 55
-2 5 12 31 158 55
-1 5 12 31 158 55
0 5 12 31 158 55
1 5 12 31 158 55
2 5 12 31 158 55
3 5 12 31 158 55
4 5 12 31 158 55
5 5 12 31 158 55
6 5 12 31 158 55
-8 6 12 77 179 44
-7 6 12 31 158 55
-6 6 12 31 158 55
-5 6 12 31 158 55
-4 6 12 31 158 55
-3 6 12 31 158 55
-2 6 12 31 158 55
-1 6 12 31 158 55
0 6 12 31 158 55
1 6 12 31 158 55
2 6 12 31 158 55
3 6 12 31 158 55
4 6 12 31 158 55
5 6 12 31 158 55
6 6 12 31 158 55
-7 7 12 77 179 44
-5 7 12 115 197 42
-1 7 12 115 197 42
3 7 12 77 179 44
-8 -8 13 77 179 44
-6 -8 13 77 179 44
-3 -8 13 77 179 44
-1 -8 13 77 179 44
2 -8 13 77 179 44
6 -8 13 77 179 44
7 -8 13 115 197 42
-8 -7 13 77 179 44
-7 -7 13 31 158 55
-6 -7 13 31 158 55
-5 -7 13 31 158 55
-4 -7 13 31 158 55
-3 -7 13 31 158 55
-2 -7 13 31 158 55
-1 -7 13 31 158 55
0 -7 13 31 158 55
1 -7 13 31 158 55
2 -7 13 31 158 55
3 -7 13 31 158 55
4 -7 13 31 158 55
5 -7 13 31 158 55
6 -7 13 31 158 55
7 -7 13 77 179 44
-8 -6 13 77 179 44
-7 -6 13 31 158 55
-6 -6 13 31 158 55
-5 -6 13 31 158 55
-4 -6 13 31 158 55
-3 -6 13 31 158 55
-2 -6 13 31 158 55
-1 -6 13 31 158 55
0 -6 13 31 158 55
1 -6 13 31 158 55
2 -6 13 31 158 55
3 -6 13 31 158 55
4 -6 13 31 158 55
5 -6 13 31 158 55
6 -6 13 31 158 55
-8 -5 13 115 197 42
-7 -5 13 31 158 55
-6 -5 13 31 158 55
-5 -5 13 31 158 55
-4 -5 13 31 158 55
-3 -5 13 31 158 55
-2 -5 13 31 158 55
-1 -5 13 31 158 55
0 -5 13 31 158 55
1 -5 13 31 158 55
2 -5 13 31 158 55
3 -5 13 31 158 55
4 -5 13 31 158 55
5 -5 13 31 158 55
6 -5 13 31 158 55
-8 -4 13 115 197 42
-7 -4 13 31 158 55
-6 -4 13 31 158 55
-5 -4 13 31 158 55
-4 -4 13 31 158 55
-3 -4 13 31 158 55
-2 -4 13 31 158 55
-1 -4 13 31 158 55
0 -4 13 31 158 55
1 -4 13 31 158 55
2 -4 13 31 158 55
3 -4 13 31 158 55
4 -4 13 31 158 55
5 -4 13 31 158 55
6 -4 13 31 158 55
-8 -3 13 77 179 44
-7 -3 13 31 158 55
-6 -3 13 31 158 55
-5 -3 13 31 158 55
-4 -3 13 31 158 55
-3 -3 13 31 158 55
-2 -3 13 31 158 55
-1 -3 13 31 158 55
0 -3 13 31 158 55
1 -3 13 31 158 55
2 -3 13 31 158 55
3 -3 13 31 158 55
4 -3 13 31 158 55
5 -3 13 31 158 55
6 -3 13 31 158 55
7 -3 13 77 179 44
-7 -2 13 31 158 55
-6 -2 13 31 158 55
-5 -2 13 31 158 55
-4 -2 13 31 158 55
-3 -2 13 31 158 55
-2 -2 13 31 158 55
-1 -2 13 31 158 55
0 -2 13 31 158 55
1 -2 13 31 158 55
2 -2 13 31 158 55
3 -2 13 31 158 55
4 -2 13 31 158 55
5 -2 13 31 158 55
6 -2 13 31 158 55
-7 -1 13 31 158 55
-6 -1 13 31 158 55
-5 -1 13 31 158 55
-4 -1 13 31 158 55
-3 -1 13 31 158 55
-2 -1 13 31 158 55
-1 -1 13 31 158 55
0 -1 13 31 158 55
1 -1 13 31 158 55
2 -1 13 31 158 55
3 -1 13 31 158 55
4 -1 13 31 158 55
5 -1 13 31 158 55
6 -1 13 31 158 55
-7 0 13 31 158 55
-6 0 13 31 158 55
-5 0 13 31 158 55
-4 0 13 31 158 55
-3 0 13 31 158 55
-2 0 13 31 158 55
-1 0 13 31 158 55
0 0 13 31 158 55
1 0 13 31 158 55
2 0 13 31 158 55
3 0 13 31 158 55
4 0 13 31 158 55
5 0 13 31 158 55
6 0 13 31 158 55
7 0 13 77 179 44
-7 1 13 31 158 55
-6 1 13 31 158 55
-5 1 13 31 158 55
-4 1 13 31 158 55
-3 1 13 31 158 55
-2 1 13 31 158 55
-1 1 13 31 158 55
0 1 13 31 158 55
1 1 13 31 158 55
2 1 13 31 158 55
3 1 13 31 158 55
4 1 13 31 158 55
5 1 13 31 158 55
6 1 13 31 158 55
7 1 13 77 179 44
-7 2 13 31 158 55
-6 2 13 31 158 55
-5 2 13 31 158 55
-4 2 13 31 158 55
-3 2 13 31 158 55
-2 2 13 31 158 55
-1 2 13 31 158 55
0 2 13 31 158 55
1 2 13 31 158 55
2 2 13 31 158 55
3 2 13 31 158 55
4 2 13 31 158 55
5 2 13 31 158 55
6 2 13 31 158 55
7 2 13 77 179 44
-7 3 13 31 158 55
-6 3 13 31 158 55
-5 3 13 31 158 55
-4 3 13 31 158 55
-3 3 13 31 158 55
-2 3 13 31 158 55
-1 3 13 31 158 55
0 3 13 31 158 55
1 3 13 31 158 55
2 3 13 31 158 55
3 3 13 31 158 55
4 3 13 31 158 55
5 3 13 31 158 55
6 3 13 31 158 55
-7 4 13 31 158 55
-6 4 13 31 158 55
-5 4 13 31 158 55
-4 4 13 31 158 55
-3 4 13 31 158 55
-2 4 13 31 158 55
-1 4 13 31 158 55
0 4 13 31 158 55
1 4 13 31 158 55
2 4 13 31 158 55
3 4 13 31 158 55
4 4 13 31 158 55
5 4 13 31 158 55
6 4 13 31 158 55
-8 5 13 77 179 44
-7 5 13 31 158 55
-6 5 13 31 158 55
-5 5 13 31 158 55
-4 5 13 31 158 55
-3 5 13 31 158 55
-2 5 13 31 158 55
-1 5 13 31 158 55
0 5 13 31 158 55
1 5 13 31 158 55
2 5 13 31 158 55
3 5 13 31 158 55
4 5 13 31 158 55
5 5 13 31 158 55
6 5 13 31 158 55
7 5 13 77 179 44
-7 6 13 31 158 55
-6 6 13 31 158 55
-5 6 13 31 158 55
-4 6 13 31 158 55
-3 6 13 31 158 55
-2 6 13 31 158 55
-1 6 13 31 158 55
0 6 13 31 158 55
1 6 13 31 158 55
2 6 13 31 158 55
3 6 13 31 158 55
4 6 13 31 158 55
5 6 13 31 158 55
6 6 13 31 158 55
7 6 13 77 179 44
-7 7 13 115 197 42
-6 7 13 77 179 44
-5 7 13 115 197 42
-1 7 13 77 179 44
1 7 13 77 179 44
5 7 13 77 179 44
7 7 13 115 197 42
-6 -8 14 77 179 44
-3 -8 14 115 197 42
-2 -8 14 77 179 44
-1 -8 14 115 197 42
1 -8 14 77 179 44
3 -8 14 77 179 44
5 -8 14 77 179 44
-7 -7 14 31 158 55
-6 -7 14 31 158 55
-5 -7 14 31 158 55
-4 -7 14 31 158 55
-3 -7 14 31 158 55
-2 -7 14 31 158 55
-1 -7 14 31 158 55
0 -7 14 31 158 55
1 -7 14 31 158 55
2 -7 14 77 179 44
3 -7 14 31 158 55
4 -7 14 31 158 55
5 -7 14 31 158 55
6 -7 14 77 179 44
-7 -6 14 31 158 55
-6 -6 14 31 158 55
-5 -6 14 31 158 55
-4 -6 14 77 179 44
-3 -6 14 31 158 55
-2 -6 14 31 158 55
-1 -6 14 31 158 55
0 -6 14 77 179 44
1 -6 14 31 158 55
2 -6 14 31 158 55
3 -6 14 31 158 55
4 -6 14 77 179 44
5 -6 14 31 158 55
6 -6 14 31 158 55
7 -6 14 77 179 44
-8 -5 14 77 179 44
-7 -5 14 31 158 55
-6 -5 14 31 158 55
-5 -5 14 31 158 55
-4 -5 14 31 158 55
-3 -5 14 31 158 55
-2 -5 14 77 179 44
-1 -5 14 31 158 55
0 -5 14 31 158 55
1 -5 14 31 158 55
2 -5 14 31 158 55
3 -5 14 31 158 55
4 -5 14 31 158 55
5 -5 14 31 158 55
6 -5 14 31 158 55
7 -5 14 115 197 42
-7 -4 14 31 158 55
-6 -4 14 31 158 55
-5 -4 14 31 158 55
-4 -4 14 31 158 55
-3 -4 14 31 158 55
-2 -4 14 31 158 55
-1 -4 14 31 158 55
0 -4 14 31 158 55
1 -4 14 31 158 55
2 -4 14 31 158 55
3 -4 14 31 158 55
4 -4 14 31 158 55
5 -4 14 31 158 55
6 -4 14 31 158 55
7 -4 14 115 197 42
-7 -3 14 31 158 55
-6 -3 14 31 158 55
-5 -3 14 31 158 55
-4 -3 14 31 158 55
-3 -3 14 31 158 55
-2 -3 14 31 158 55
-1 -3 14 31 158 55
0 -3 14 31 158 55
1 -3 14 31 158 55
2 -3 14 31 158 55
3 -3 14 31 158 55
4 -3 14 31 158 55
5 -3 14 31 158 55
6 -3 14 31 158 55
7 -3 14 77 179 44
-7 -2 14 31 158 55
-6 -2 14 31 158 55
-5 -2 14 77 179 44
-4 -2 14 31 158 55
-3 -2 14 31 158 55
-2 -2 14 31 158 55
-1 -2 14 31 158 55
0 -2 14 31 158 55
1 -2 14 31 158 55
2 -2 14 31 158 55
3 -2 14 31 158 55
4 -2 14 31 158 55
5 -2 14 31 158 55
6 -2 14 31 158 55
-7 -1 14 77 179 44
-6 -1 14 31 158 55
-5 -1 14 31 158 55
-4 -1 14 31 158 55
-3 -1 14 77 179 44
-2 -1 14 31 158 55
-1 -1 14 31 158 55
0 -1 14 31 158 55
1 -1 14 77 179 44
2 -1 14 31 158 55
3 -1 14 77 179 44
4 -1 14 31 158 55
5 -1 14 77 179 44
6 -1 14 31 158 55
-8 0 14 77 179 44
-7 0 14 31 158 55
-6 0 14 31 158 55
-5 0 14 31 158 55
-4 0 14 31 158 55
-3 0 14 31 158 55
-2 0 14 31 158 55
-1 0 14 77 179 44
0 0 14 31 158 55
1 0 14 31 158 55
2 0 14 31 158 55
3 0 14 31 158 55
4 0 14 31 158 55
5 0 14 31 158 55
6 0 14 31 158 55
-8 1 14 77 179 44
-7 1 14 31 158 55
-6 1 14 31 158 55
-5 1 14 31 158 55
-4 1 14 31 158 55
-3 1 14 31 158 55
-2 1 14 31 158 55
-1 1 14 31 158 55
0 1 14 31 158 55
1 1 14 31 158 55
2 1 14 31 158 55
3 1 14 31 158 55
4 1 14 31 158 55
5 1 14 31 158 55
6 1 14 31 158 55
-8 2 14 77 179 44
-7 2 14 31 158 55
-6 2 14 31 158 55
-5 2 14 77 179 44
-4 2 14 31 158 55
-3 2 14 31 158 55
-2 2 14 31 158 55
-1 2 14 31 158 55
0 2 14 31 158 55
1 2 14 31 158 55
2 2 14 31 158 55
3 2 14 31 158 55
4 2 14 31 158 55
5 2 14 31 158 55
6 2 14 31 158 55
-7 3 14 77 179 44
-6 3 14 31 158 55
-5 3 14 31 158 55
-4 3 14 31 158 55
-3 3 14 31 158 55
-2 3 14 31 158 55
-1 3 14 31 158 55
0 3 14 31 158 55
1 3 14 31 158 55
2 3 14 31 158 55
3 3 14 31 158 55
4 3 14 31 158 55
5 3 14 31 158 55
6 3 14 31 158 55
-8 4 14 77 179 44
-7 4 14 31 158 55
-6 4 14 31 158 55
-5 4 14 31 158 55
-4 4 14 31 158 55
-3 4 14 31 158 55
-2 4 14 31 158 55
-1 4 14 31 158 55
0 4 14 31 158 55
1 4 14 77 179 44
2 4 14 31 158 55
3 4 14 31 158 55
4 4 14 31 158 55
5 4 14 77 179 44
6 4 14 31 158 55
-8 5 14 115 197 42
-7 5 14 31 158 55
-6 5 14 31 158 55
-5 5 14 31 158 55
-4 5 14 31 158 55
-3 5 14 77 179 44
-2 5 14 31 158 55
-1 5 14 31 158 55
0 5 14 31 158 55
1 5 14 31 158 55
2 5 14 31 158 55
3 5 14 77 179 44
4 5 14 31 158 55
5 5 14 31 158 55
6 5 14 31 158 55
-8 6 14 115 197 42
-7 6 14 31 158 55
-6 6 14 31 158 55
-5 6 14 31 158 55
-4 6 14 31 158 55
-3 6 14 31 158 55
-2 6 14 31 158 55
-1 6 14 31 158 55
0 6 14 31 158 55
1 6 14 31 158 55
2 6 14 31 158 55
3 6 14 31 158 55
4 6 14 31 158 55
5 6 14 31 158 55
6 6 14 31 158 55
7 6 14 77 179 44
-8 7 14 77 179 44
-7 7 14 115 197 42
-5 7 14 77 179 44
-3 7 14 77 179 44
1 7 14 77 179 44
3 7 14 77 179 44
5 7 14 77 179 44
6 7 14 77 179 44
7 7 14 77 179 44
-3 -8 15 115 197 42
-1 -8 15 77 179 44
1 -8 15 115 197 42
3 -8 15 115 197 42
5 -8 15 115 197 42
7 -8 15 77 179 44
-6 -7 15 77 179 44
-3 -7 15 115 197 42
-2 -7 15 77 179 44
-1 -7 15 115 197 42
1 -7 15 77 179 44
3 -7 15 77 179 44
5 -7 15 77 179 44
-8 -6 15 77 179 44
-6 -6 15 77 179 44
-3 -6 15 77 179 44
-1 -6 15 77 179 44
2 -6 15 77 179 44
6 -6 15 77 179 44
-8 -5 15 77 179 44
-7 -5 15 77 179 44
-6 -5 15 115 197 42
-4 -5 15 77 179 44
0 -5 15 77 179 44
2 -5 15 115 197 42
4 -5 15 77 179 44
6 -5 15 115 197 42
-8 -4 15 115 197 42
-6 -4 15 115 197 42
-4 -4 15 115 197 42
-2 -4 15 77 179 44
0 -4 15 77 179 44
1 -4 15 77 179 44
2 -4 15 115 197 42
4 -4 15 115 197 42
6 -4 15 115 197 42
-8 -3 15 115 197 42
-6 -3 15 77 179 44
-4 -3 15 115 197 42
-3 -3 15 77 179 44
-2 -3 15 115 197 42
0 -3 15 115 197 42
2 -3 15 77 179 44
4 -3 15 115 197 42
5 -3 15 77 179 44
6 -3 15 77 179 44
-8 -2 15 77 179 44
-4 -2 15 77 179 44
-2 -2 15 77 179 44
0 -2 15 115 197 42
4 -2 15 77 179 44
-5 -1 15 77 179 44
0 -1 15 77 179 44
7 -1 15 77 179 44
-7 0 15 77 179 44
-5 0 15 77 179 44
-3 0 15 77 179 44
1 0 15 77 179 44
3 0 15 77 179 44
5 0 15 77 179 44
7 0 15 77 179 44
-8 1 15 77 179 44
-7 1 15 77 179 44
-5 1 15 77 179 44
-3 1 15 115 197 42
-1 1 15 77 179 44
1 1 15 115 197 42
3 1 15 77 179 44
4 1 15 77 179 44
5 1 15 77 179 44
7 1 15 77 179 44
-7 2 15 77 179 44
-3 2 15 115 197 42
-2 2 15 77 179 44
-1 2 15 77 179 44
1 2 15 115 197 42
3 2 15 115 197 42
5 2 15 77 179 44
7 2 15 77 179 44
-5 3 15 77 179 44
-3 3 15 77 179 44
-1 3 15 115 197 42
1 3 15 77 179 44
3 3 15 115 197 42
7 3 15 77 179 44
-7 4 15 77 179 44
-5 4 15 115 197 42
-1 4 15 115 197 42
3 4 15 77 179 44
-7 5 15 115 197 42
-6 5 15 77 179 44
-5 5 15 115 197 42
-1 5 15 77 179 44
1 5 15 77 179 44
5 5 15 77 179 44
-7 6 15 115 197 42
-5 6 15 77 179 44
-3 6 15 77 179 44
1 6 15 77 179 44
3 6 15 77 179 44
5 6 15 77 179 44
6 6 15 77 179 44
7 6 15 77 179 44
-7 7 15 77 179 44
-4 7 15 77 179 44
-3 7 15 77 179 44
1 7 15 115 197 42
2 7 15 77 179 44
3 7 15 115 197 42
5 7 15 115 197 42
7 7 15 115 197 42
