ply
format ascii 1.0
comment : MagicaVoxel @ Ephtracy
element vertex 2330
property float x
property float y
property float z
property uchar red
property uchar green
property uchar blue
end_header
-4 -3 0 57 16 8
-3 -3 0 57 16 8
-2 -3 0 57 16 8
1 -3 0 57 16 8
2 -3 0 57 16 8
3 -3 0 57 16 8
-4 -2 0 57 16 8
-3 -2 0 69 29 15
-2 -2 0 57 16 8
1 -2 0 57 16 8
2 -2 0 69 29 15
3 -2 0 57 16 8
-4 -1 0 57 16 8
-3 -1 0 78 36 19
-2 -1 0 57 16 8
1 -1 0 57 16 8
2 -1 0 78 36 19
3 -1 0 57 16 8
-4 0 0 57 16 8
-3 0 0 69 29 15
-2 0 0 57 16 8
1 0 0 57 16 8
2 0 0 69 29 15
3 0 0 57 16 8
-4 1 0 57 16 8
-3 1 0 57 16 8
-2 1 0 57 16 8
1 1 0 57 16 8
2 1 0 57 16 8
3 1 0 57 16 8
-4 -4 1 109 53 20
-3 -4 1 109 53 20
-2 -4 1 69 29 15
1 -4 1 109 53 20
2 -4 1 109 53 20
3 -4 1 69 29 15
-5 -3 1 69 29 15
-4 -3 1 109 53 20
-3 -3 1 109 53 20
-2 -3 1 109 53 20
-1 -3 1 57 16 8
0 -3 1 57 16 8
1 -3 1 109 53 20
2 -3 1 109 53 20
3 -3 1 109 53 20
4 -3 1 69 29 15
-5 -2 1 78 36 19
-4 -2 1 109 53 20
-3 -2 1 109 53 20
-2 -2 1 109 53 20
-1 -2 1 57 16 8
0 -2 1 57 16 8
1 -2 1 109 53 20
2 -2 1 109 53 20
3 -2 1 109 53 20
4 -2 1 78 36 19
-5 -1 1 109 53 20
-4 -1 1 109 53 20
-3 -1 1 109 53 20
-2 -1 1 109 53 20
-1 -1 1 57 16 8
0 -1 1 57 16 8
1 -1 1 109 53 20
2 -1 1 109 53 20
3 -1 1 109 53 20
4 -1 1 109 53 20
-5 0 1 109 53 20
-4 0 1 109 53 20
-3 0 1 109 53 20
-2 0 1 109 53 20
-1 0 1 57 16 8
0 0 1 57 16 8
1 0 1 109 53 20
2 0 1 109 53 20
3 0 1 109 53 20
4 0 1 109 53 20
-5 1 1 69 29 15
-4 1 1 109 53 20
-3 1 1 109 53 20
-2 1 1 69 29 15
1 1 1 109 53 20
2 1 1 109 53 20
3 1 1 69 29 15
4 1 1 69 29 15
-4 -4 2 78 36 19
-3 -4 2 78 36 19
-2 -4 2 78 36 19
1 -4 2 78 36 19
2 -4 2 78 36 19
3 -4 2 78 36 19
-5 -3 2 78 36 19
-4 -3 2 109 53 20
-3 -3 2 109 53 20
-2 -3 2 109 53 20
-1 -3 2 57 16 8
0 -3 2 57 16 8
1 -3 2 109 53 20
2 -3 2 109 53 20
3 -3 2 109 53 20
4 -3 2 78 36 19
-5 -2 2 78 36 19
-4 -2 2 109 53 20
-3 -2 2 109 53 20
-2 -2 2 109 53 20
-1 -2 2 57 16 8
0 -2 2 57 16 8
1 -2 2 109 53 20
2 -2 2 109 53 20
3 -2 2 109 53 20
4 -2 2 78 36 19
-5 -1 2 78 36 19
-4 -1 2 109 53 20
-3 -1 2 109 53 20
-2 -1 2 109 53 20
-1 -1 2 75 75 75
0 -1 2 75 75 75
1 -1 2 109 53 20
2 -1 2 109 53 20
3 -1 2 109 53 20
4 -1 2 78 36 19
-5 0 2 69 29 15
-4 0 2 109 53 20
-3 0 2 109 53 20
-2 0 2 109 53 20
-1 0 2 57 16 8
0 0 2 57 16 8
1 0 2 109 53 20
2 0 2 109 53 20
3 0 2 109 53 20
4 0 2 69 29 15
-5 1 2 69 29 15
-4 1 2 78 36 19
-3 1 2 69 29 15
-2 1 2 69 29 15
1 1 2 69 29 15
2 1 2 69 29 15
3 1 2 78 36 19
4 1 2 69 29 15
-4 -3 3 69 29 15
-3 -3 3 109 53 20
-2 -3 3 69 29 15
1 -3 3 109 53 20
2 -3 3 78 36 19
3 -3 3 69 29 15
-4 -2 3 69 29 15
-3 -2 3 109 53 20
-2 -2 3 109 53 20
-1 -2 3 57 16 8
0 -2 3 57 16 8
1 -2 3 109 53 20
2 -2 3 109 53 20
3 -2 3 69 29 15
-4 -1 3 78 36 19
-3 -1 3 109 53 20
-2 -1 3 109 53 20
-1 -1 3 75 75 75
0 -1 3 75 75 75
1 -1 3 109 53 20
2 -1 3 109 53 20
3 -1 3 78 36 19
-4 0 3 78 36 19
-3 0 3 109 53 20
-2 0 3 109 53 20
-1 0 3 57 16 8
0 0 3 57 16 8
1 0 3 109 53 20
2 0 3 109 53 20
3 0 3 78 36 19
-4 1 3 69 29 15
-3 1 3 109 53 20
-2 1 3 69 29 15
1 1 3 109 53 20
2 1 3 69 29 15
3 1 3 69 29 15
-3 -2 4 229 59 37
-2 -2 4 198 1 52
1 -2 4 229 59 37
2 -2 4 198 1 52
-4 -1 4 218 29 29
-3 -1 4 229 59 37
-2 -1 4 229 59 37
-1 -1 4 140 5 46
0 -1 4 169 13 54
1 -1 4 229 59 37
2 -1 4 229 59 37
3 -1 4 218 29 29
-4 0 4 218 29 29
-3 0 4 229 59 37
-2 0 4 229 59 37
-1 0 4 140 5 46
0 0 4 169 13 54
1 0 4 229 59 37
2 0 4 229 59 37
3 0 4 198 1 52
-3 1 4 229 59 37
-2 1 4 198 1 52
1 1 4 229 59 37
2 1 4 198 1 52
-3 -2 5 229 59 37
-2 -2 5 198 1 52
1 -2 5 229 59 37
2 -2 5 218 29 29
-4 -1 5 229 59 37
-3 -1 5 229 59 37
-2 -1 5 229 59 37
-1 -1 5 140 5 46
0 -1 5 169 13 54
1 -1 5 229 59 37
2 -1 5 229 59 37
3 -1 5 229 59 37
-4 0 5 218 29 29
-3 0 5 229 59 37
-2 0 5 229 59 37
-1 0 5 140 5 46
0 0 5 169 13 54
1 0 5 229 59 37
2 0 5 229 59 37
3 0 5 218 29 29
-3 1 5 229 59 37
-2 1 5 198 1 52
1 1 5 229 59 37
2 1 5 218 29 29
-3 -2 6 198 1 52
-2 -2 6 169 13 54
1 -2 6 198 1 52
2 -2 6 169 13 54
-4 -1 6 218 29 29
-3 -1 6 229 59 37
-2 -1 6 229 59 37
-1 -1 6 140 5 46
0 -1 6 140 5 46
1 -1 6 229 59 37
2 -1 6 229 59 37
3 -1 6 218 29 29
-4 0 6 198 1 52
-3 0 6 229 59 37
-2 0 6 229 59 37
-1 0 6 140 5 46
0 0 6 140 5 46
1 0 6 229 59 37
2 0 6 229 59 37
3 0 6 198 1 52
-3 1 6 218 29 29
-2 1 6 218 29 29
1 1 6 218 29 29
2 1 6 218 29 29
-3 -2 7 229 59 37
-2 -2 7 218 29 29
1 -2 7 229 59 37
2 -2 7 218 29 29
-4 -1 7 229 59 37
-3 -1 7 229 59 37
-2 -1 7 229 59 37
-1 -1 7 140 5 46
0 -1 7 169 13 54
1 -1 7 229 59 37
2 -1 7 229 59 37
3 -1 7 229 59 37
-4 0 7 218 29 29
-3 0 7 229 59 37
-2 0 7 229 59 37
-1 0 7 140 5 46
0 0 7 229 59 37
1 0 7 229 59 37
2 0 7 229 59 37
3 0 7 218 29 29
-3 1 7 229 59 37
-2 1 7 218 29 29
0 1 7 169 13 54
1 1 7 229 59 37
2 1 7 218 29 29
-3 -3 8 229 59 37
-2 -3 8 229 59 37
1 -3 8 218 29 29
2 -3 8 198 1 52
-4 -2 8 229 59 37
-3 -2 8 229 59 37
-2 -2 8 229 59 37
-1 -2 8 169 13 54
1 -2 8 229 59 37
2 -2 8 229 59 37
3 -2 8 218 29 29
-4 -1 8 229 59 37
-3 -1 8 229 59 37
-2 -1 8 229 59 37
-1 -1 8 229 59 37
0 -1 8 140 5 46
1 -1 8 229 59 37
2 -1 8 229 59 37
3 -1 8 229 59 37
-4 0 8 229 59 37
-3 0 8 229 59 37
-2 0 8 229 59 37
-1 0 8 229 59 37
0 0 8 229 59 37
1 0 8 229 59 37
2 0 8 229 59 37
3 0 8 229 59 37
-4 1 8 218 29 29
-3 1 8 229 59 37
-2 1 8 229 59 37
-1 1 8 169 13 54
0 1 8 229 59 37
1 1 8 229 59 37
2 1 8 229 59 37
3 1 8 218 29 29
-3 2 8 229 59 37
-2 2 8 229 59 37
0 2 8 229 59 37
1 2 8 218 29 29
2 2 8 198 1 52
-3 -3 9 229 59 37
-2 -3 9 229 59 37
-1 -3 9 229 59 37
1 -3 9 218 29 29
2 -3 9 198 1 52
-7 -2 9 231 182 134
-6 -2 9 245 207 157
-4 -2 9 218 29 29
-3 -2 9 229 59 37
-2 -2 9 229 59 37
-1 -2 9 229 59 37
0 -2 9 140 5 46
1 -2 9 229 59 37
2 -2 9 229 59 37
3 -2 9 229 59 37
5 -2 9 245 207 157
6 -2 9 231 182 134
-7 -1 9 218 156 115
-6 -1 9 231 182 134
-4 -1 9 218 29 29
-3 -1 9 229 59 37
-2 -1 9 229 59 37
-1 -1 9 229 59 37
0 -1 9 140 5 46
1 -1 9 229 59 37
2 -1 9 229 59 37
3 -1 9 218 29 29
5 -1 9 231 182 134
6 -1 9 218 156 115
-7 0 9 231 182 134
-6 0 9 245 207 157
-4 0 9 218 29 29
-3 0 9 229 59 37
-2 0 9 229 59 37
-1 0 9 229 59 37
0 0 9 229 59 37
1 0 9 229 59 37
2 0 9 229 59 37
3 0 9 218 29 29
5 0 9 245 207 157
6 0 9 231 182 134
-4 1 9 218 29 29
-3 1 9 229 59 37
-2 1 9 229 59 37
-1 1 9 229 59 37
0 1 9 229 59 37
1 1 9 229 59 37
2 1 9 229 59 37
3 1 9 198 1 52
-3 2 9 198 1 52
-2 2 9 198 1 52
-1 2 9 229 59 37
0 2 9 229 59 37
1 2 9 198 1 52
2 2 9 198 1 52
-7 -3 10 231 182 134
-6 -3 10 218 156 115
-4 -3 10 229 59 37
-3 -3 10 218 29 29
-2 -3 10 229 59 37
-1 -3 10 218 29 29
0 -3 10 218 29 29
1 -3 10 198 1 52
2 -3 10 198 1 52
3 -3 10 218 29 29
5 -3 10 231 182 134
6 -3 10 218 156 115
-8 -2 10 245 207 157
-7 -2 10 245 207 157
-6 -2 10 245 207 157
-5 -2 10 245 207 157
-4 -2 10 75 75 75
-3 -2 10 75 75 75
-2 -2 10 75 75 75
-1 -2 10 75 75 75
0 -2 10 75 75 75
1 -2 10 75 75 75
2 -2 10 75 75 75
3 -2 10 75 75 75
4 -2 10 245 207 157
5 -2 10 245 207 157
6 -2 10 245 207 157
7 -2 10 245 207 157
-8 -1 10 231 182 134
-7 -1 10 75 75 75
-6 -1 10 75 75 75
-5 -1 10 245 207 157
-4 -1 10 75 75 75
-3 -1 10 75 75 75
-2 -1 10 75 75 75
-1 -1 10 75 75 75
0 -1 10 75 75 75
1 -1 10 75 75 75
2 -1 10 75 75 75
3 -1 10 75 75 75
4 -1 10 245 207 157
5 -1 10 75 75 75
6 -1 10 75 75 75
7 -1 10 231 182 134
-8 0 10 231 182 134
-7 0 10 75 75 75
-6 0 10 75 75 75
-5 0 10 231 182 134
-4 0 10 75 75 75
-3 0 10 75 75 75
-2 0 10 75 75 75
-1 0 10 75 75 75
0 0 10 75 75 75
1 0 10 75 75 75
2 0 10 75 75 75
3 0 10 75 75 75
4 0 10 231 182 134
5 0 10 75 75 75
6 0 10 75 75 75
7 0 10 231 182 134
-7 1 10 218 156 115
-6 1 10 218 156 115
-5 1 10 231 182 134
-4 1 10 198 1 52
-3 1 10 229 59 37
-2 1 10 198 1 52
-1 1 10 198 1 52
0 1 10 198 1 52
1 1 10 198 1 52
2 1 10 229 59 37
3 1 10 198 1 52
4 1 10 231 182 134
5 1 10 218 156 115
6 1 10 218 156 115
-3 2 10 198 1 52
-2 2 10 15 140 62
-1 2 10 15 140 62
0 2 10 31 175 61
1 2 10 31 175 61
2 2 10 198 1 52
-7 -3 11 245 207 157
-6 -3 11 245 207 157
-5 -3 11 231 182 134
-4 -3 11 15 140 62
-3 -3 11 31 175 61
-2 -3 11 31 175 61
-1 -3 11 15 140 62
0 -3 11 7 117 59
1 -3 11 7 117 59
2 -3 11 7 117 59
3 -3 11 15 140 62
4 -3 11 245 207 157
5 -3 11 245 207 157
6 -3 11 231 182 134
-8 -2 11 245 207 157
-7 -2 11 245 207 157
-6 -2 11 245 207 157
-5 -2 11 245 207 157
-4 -2 11 75 75 75
-3 -2 11 75 75 75
-2 -2 11 75 75 75
-1 -2 11 75 75 75
0 -2 11 75 75 75
1 -2 11 75 75 75
2 -2 11 75 75 75
3 -2 11 75 75 75
4 -2 11 245 207 157
5 -2 11 245 207 157
6 -2 11 245 207 157
7 -2 11 245 207 157
-8 -1 11 245 207 157
-7 -1 11 75 75 75
-6 -1 11 75 75 75
-5 -1 11 245 207 157
-4 -1 11 75 75 75
-3 -1 11 75 75 75
-2 -1 11 75 75 75
-1 -1 11 75 75 75
0 -1 11 75 75 75
1 -1 11 75 75 75
2 -1 11 75 75 75
3 -1 11 75 75 75
4 -1 11 245 207 157
5 -1 11 75 75 75
6 -1 11 75 75 75
7 -1 11 245 207 157
-8 0 11 245 207 157
-7 0 11 75 75 75
-6 0 11 75 75 75
-5 0 11 245 207 157
-4 0 11 75 75 75
-3 0 11 75 75 75
-2 0 11 75 75 75
-1 0 11 75 75 75
0 0 11 75 75 75
1 0 11 75 75 75
2 0 11 75 75 75
3 0 11 75 75 75
4 0 11 245 207 157
5 0 11 75 75 75
6 0 11 75 75 75
7 0 11 245 207 157
-7 1 11 218 156 115
-6 1 11 231 182 134
-5 1 11 31 175 61
-4 1 11 15 140 62
-3 1 11 47 199 43
-2 1 11 47 199 43
-1 1 11 47 199 43
0 1 11 47 199 43
1 1 11 47 199 43
2 1 11 47 199 43
3 1 11 15 140 62
4 1 11 31 175 61
5 1 11 231 182 134
6 1 11 218 156 115
-3 2 11 31 175 61
-2 2 11 15 140 62
-1 2 11 7 117 59
0 2 11 15 140 62
1 2 11 31 175 61
2 2 11 31 175 61
-2 -4 12 31 175 61
-1 -4 12 31 175 61
0 -4 12 15 140 62
1 -4 12 7 117 59
-4 -3 12 15 140 62
-3 -3 12 47 199 43
-2 -3 12 47 199 43
-1 -3 12 47 199 43
0 -3 12 47 199 43
1 -3 12 47 199 43
2 -3 12 15 140 62
3 -3 12 15 140 62
-7 -2 12 245 207 157
-6 -2 12 231 182 134
-5 -2 12 47 199 43
-4 -2 12 75 75 75
-3 -2 12 75 75 75
-2 -2 12 75 75 75
-1 -2 12 75 75 75
0 -2 12 75 75 75
1 -2 12 75 75 75
2 -2 12 75 75 75
3 -2 12 75 75 75
4 -2 12 47 199 43
5 -2 12 231 182 134
6 -2 12 245 207 157
-7 -1 12 231 182 134
-6 -1 12 75 75 75
-5 -1 12 75 75 75
-4 -1 12 75 75 75
-3 -1 12 75 75 75
-2 -1 12 75 75 75
-1 -1 12 75 75 75
0 -1 12 75 75 75
1 -1 12 75 75 75
2 -1 12 75 75 75
3 -1 12 75 75 75
4 -1 12 75 75 75
5 -1 12 75 75 75
6 -1 12 231 182 134
-7 0 12 218 156 115
-6 0 12 75 75 75
-5 0 12 75 75 75
-4 0 12 75 75 75
-3 0 12 75 75 75
-2 0 12 75 75 75
-1 0 12 75 75 75
0 0 12 75 75 75
1 0 12 75 75 75
2 0 12 75 75 75
3 0 12 75 75 75
4 0 12 75 75 75
5 0 12 75 75 75
6 0 12 218 156 115
-7 1 12 231 182 134
-6 1 12 15 140 62
-5 1 12 31 175 61
-4 1 12 15 140 62
-3 1 12 47 199 43
-2 1 12 47 199 43
-1 1 12 47 199 43
0 1 12 47 199 43
1 1 12 47 199 43
2 1 12 47 199 43
3 1 12 15 140 62
4 1 12 31 175 61
5 1 12 31 175 61
6 1 12 231 182 134
-3 2 12 47 199 43
-2 2 12 31 175 61
-1 2 12 31 175 61
0 2 12 7 117 59
1 2 12 15 140 62
2 2 12 15 140 62
-2 -4 13 47 199 43
-1 -4 13 31 175 61
0 -4 13 31 175 61
1 -4 13 15 140 62
-5 -3 13 47 199 43
-4 -3 13 7 117 59
-3 -3 13 47 199 43
-2 -3 13 47 199 43
-1 -3 13 47 199 43
0 -3 13 47 199 43
1 -3 13 47 199 43
2 -3 13 15 140 62
3 -3 13 7 117 59
4 -3 13 47 199 43
-7 -2 13 245 207 157
-6 -2 13 245 207 157
-5 -2 13 47 199 43
-4 -2 13 75 75 75
-3 -2 13 75 75 75
-2 -2 13 75 75 75
-1 -2 13 75 75 75
0 -2 13 75 75 75
1 -2 13 75 75 75
2 -2 13 75 75 75
3 -2 13 75 75 75
4 -2 13 75 75 75
5 -2 13 245 207 157
6 -2 13 245 207 157
-7 -1 13 245 207 157
-6 -1 13 75 75 75
-5 -1 13 75 75 75
-4 -1 13 75 75 75
-3 -1 13 75 75 75
-2 -1 13 75 75 75
-1 -1 13 75 75 75
0 -1 13 75 75 75
1 -1 13 75 75 75
2 -1 13 75 75 75
3 -1 13 75 75 75
4 -1 13 75 75 75
5 -1 13 75 75 75
6 -1 13 245 207 157
-7 0 13 31 175 61
-6 0 13 47 199 43
-5 0 13 47 199 43
-4 0 13 47 199 43
-3 0 13 47 199 43
-2 0 13 75 75 75
-1 0 13 75 75 75
0 0 13 75 75 75
1 0 13 75 75 75
2 0 13 75 75 75
3 0 13 75 75 75
4 0 13 75 75 75
5 0 13 75 75 75
6 0 13 15 140 62
-6 1 13 15 140 62
-5 1 13 31 175 61
-4 1 13 7 117 59
-3 1 13 47 199 43
-2 1 13 47 199 43
-1 1 13 47 199 43
0 1 13 47 199 43
1 1 13 47 199 43
2 1 13 47 199 43
3 1 13 7 117 59
4 1 13 31 175 61
5 1 13 15 140 62
-3 2 13 47 199 43
-2 2 13 47 199 43
-1 2 13 31 175 61
0 2 13 7 117 59
1 2 13 7 117 59
2 2 13 15 140 62
-3 -4 14 47 199 43
-2 -4 14 47 199 43
-1 -4 14 31 175 61
0 -4 14 31 175 61
1 -4 14 15 140 62
2 -4 14 15 140 62
-5 -3 14 47 199 43
-4 -3 14 7 117 59
-3 -3 14 47 199 43
-2 -3 14 47 199 43
-1 -3 14 47 199 43
0 -3 14 47 199 43
1 -3 14 47 199 43
2 -3 14 15 140 62
3 -3 14 7 117 59
4 -3 14 47 199 43
-6 -2 14 47 199 43
-5 -2 14 47 199 43
-4 -2 14 47 199 43
-3 -2 14 75 75 75
-2 -2 14 75 75 75
-1 -2 14 75 75 75
0 -2 14 75 75 75
1 -2 14 75 75 75
2 -2 14 47 199 43
3 -2 14 47 199 43
4 -2 14 47 199 43
5 -2 14 31 175 61
-7 -1 14 15 140 62
-6 -1 14 47 199 43
-5 -1 14 47 199 43
-4 -1 14 47 199 43
-3 -1 14 75 75 75
-2 -1 14 75 75 75
-1 -1 14 75 75 75
0 -1 14 75 75 75
1 -1 14 75 75 75
2 -1 14 47 199 43
3 -1 14 47 199 43
4 -1 14 47 199 43
5 -1 14 47 199 43
6 -1 14 15 140 62
-7 0 14 31 175 61
-6 0 14 47 199 43
-5 0 14 47 199 43
-4 0 14 47 199 43
-3 0 14 47 199 43
-2 0 14 75 75 75
-1 0 14 75 75 75
0 0 14 75 75 75
1 0 14 75 75 75
2 0 14 47 199 43
3 0 14 47 199 43
4 0 14 47 199 43
5 0 14 47 199 43
6 0 14 31 175 61
-6 1 14 31 175 61
-5 1 14 47 199 43
-4 1 14 7 117 59
-3 1 14 47 199 43
-2 1 14 47 199 43
-1 1 14 47 199 43
0 1 14 47 199 43
1 1 14 47 199 43
2 1 14 47 199 43
3 1 14 7 117 59
4 1 14 47 199 43
5 1 14 31 175 61
-4 2 14 7 117 59
-3 2 14 47 199 43
-2 2 14 47 199 43
-1 2 14 31 175 61
0 2 14 31 175 61
1 2 14 7 117 59
2 2 14 15 140 62
3 2 14 7 117 59
-3 -4 15 47 199 43
-2 -4 15 47 199 43
-1 -4 15 31 175 61
0 -4 15 31 175 61
1 -4 15 15 140 62
2 -4 15 15 140 62
-5 -3 15 47 199 43
-4 -3 15 7 117 59
-3 -3 15 47 199 43
-2 -3 15 47 199 43
-1 -3 15 47 199 43
0 -3 15 47 199 43
1 -3 15 47 199 43
2 -3 15 15 140 62
3 -3 15 7 117 59
4 -3 15 47 199 43
-6 -2 15 31 175 61
-5 -2 15 47 199 43
-4 -2 15 47 199 43
-3 -2 15 75 75 75
-2 -2 15 75 75 75
-1 -2 15 75 75 75
0 -2 15 75 75 75
1 -2 15 75 75 75
2 -2 15 47 199 43
3 -2 15 47 199 43
4 -2 15 47 199 43
5 -2 15 31 175 61
-7 -1 15 31 175 61
-6 -1 15 47 199 43
-5 -1 15 47 199 43
-4 -1 15 47 199 43
-3 -1 15 75 75 75
-2 -1 15 75 75 75
-1 -1 15 75 75 75
0 -1 15 75 75 75
1 -1 15 75 75 75
2 -1 15 47 199 43
3 -1 15 47 199 43
4 -1 15 47 199 43
5 -1 15 47 199 43
6 -1 15 31 175 61
-7 0 15 31 175 61
-6 0 15 47 199 43
-5 0 15 47 199 43
-4 0 15 47 199 43
-3 0 15 47 199 43
-2 0 15 75 75 75
-1 0 15 75 75 75
0 0 15 75 75 75
1 0 15 75 75 75
2 0 15 47 199 43
3 0 15 47 199 43
4 0 15 47 199 43
5 0 15 47 199 43
6 0 15 31 175 61
-6 1 15 31 175 61
-5 1 15 47 199 43
-4 1 15 7 117 59
-3 1 15 47 199 43
-2 1 15 47 199 43
-1 1 15 47 199 43
0 1 15 47 199 43
1 1 15 47 199 43
2 1 15 47 199 43
3 1 15 7 117 59
4 1 15 47 199 43
5 1 15 31 175 61
-4 2 15 7 117 59
-3 2 15 47 199 43
-2 2 15 47 199 43
-1 2 15 47 199 43
0 2 15 31 175 61
1 2 15 31 175 61
2 2 15 15 140 62
3 2 15 7 117 59
-3 -4 16 47 199 43
-2 -4 16 31 175 61
-1 -4 16 47 199 43
0 -4 16 31 175 61
1 -4 16 15 140 62
2 -4 16 15 140 62
-5 -3 16 47 199 43
-4 -3 16 7 117 59
-3 -3 16 47 199 43
-2 -3 16 47 199 43
-1 -3 16 47 199 43
0 -3 16 47 199 43
1 -3 16 47 199 43
2 -3 16 15 140 62
3 -3 16 7 117 59
4 -3 16 47 199 43
-6 -2 16 31 175 61
-5 -2 16 47 199 43
-4 -2 16 47 199 43
-3 -2 16 75 75 75
-2 -2 16 75 75 75
-1 -2 16 75 75 75
0 -2 16 75 75 75
1 -2 16 75 75 75
2 -2 16 47 199 43
3 -2 16 47 199 43
4 -2 16 47 199 43
5 -2 16 31 175 61
-7 -1 16 31 175 61
-6 -1 16 47 199 43
-5 -1 16 47 199 43
-4 -1 16 47 199 43
-3 -1 16 75 75 75
-2 -1 16 75 75 75
-1 -1 16 75 75 75
0 -1 16 75 75 75
1 -1 16 75 75 75
2 -1 16 47 199 43
3 -1 16 47 199 43
4 -1 16 47 199 43
5 -1 16 47 199 43
6 -1 16 31 175 61
-7 0 16 47 199 43
-6 0 16 47 199 43
-5 0 16 47 199 43
-4 0 16 47 199 43
-3 0 16 47 199 43
-2 0 16 75 75 75
-1 0 16 75 75 75
0 0 16 75 75 75
1 0 16 75 75 75
2 0 16 47 199 43
3 0 16 47 199 43
4 0 16 47 199 43
5 0 16 47 199 43
6 0 16 47 199 43
-6 1 16 15 140 62
-5 1 16 47 199 43
-4 1 16 7 117 59
-3 1 16 47 199 43
-2 1 16 47 199 43
-1 1 16 47 199 43
0 1 16 47 199 43
1 1 16 47 199 43
2 1 16 47 199 43
3 1 16 7 117 59
4 1 16 47 199 43
5 1 16 31 175 61
-4 2 16 7 117 59
-3 2 16 47 199 43
-2 2 16 47 199 43
-1 2 16 47 199 43
0 2 16 47 199 43
1 2 16 31 175 61
2 2 16 15 140 62
3 2 16 7 117 59
-3 -4 17 7 117 59
-2 -4 17 31 175 61
-1 -4 17 31 175 61
0 -4 17 31 175 61
1 -4 17 31 175 61
2 -4 17 7 117 59
-5 -3 17 47 199 43
-4 -3 17 31 175 61
-3 -3 17 47 199 43
-2 -3 17 47 199 43
-1 -3 17 47 199 43
0 -3 17 47 199 43
1 -3 17 47 199 43
2 -3 17 47 199 43
3 -3 17 15 140 62
4 -3 17 47 199 43
-6 -2 17 47 199 43
-5 -2 17 47 199 43
-4 -2 17 47 199 43
-3 -2 17 75 75 75
-2 -2 17 75 75 75
-1 -2 17 75 75 75
0 -2 17 75 75 75
1 -2 17 75 75 75
2 -2 17 47 199 43
3 -2 17 47 199 43
4 -2 17 47 199 43
5 -2 17 47 199 43
-7 -1 17 47 199 43
-6 -1 17 47 199 43
-5 -1 17 47 199 43
-4 -1 17 47 199 43
-3 -1 17 75 75 75
-2 -1 17 75 75 75
-1 -1 17 75 75 75
0 -1 17 75 75 75
1 -1 17 75 75 75
2 -1 17 47 199 43
3 -1 17 47 199 43
4 -1 17 47 199 43
5 -1 17 47 199 43
6 -1 17 47 199 43
-7 0 17 47 199 43
-6 0 17 47 199 43
-5 0 17 47 199 43
-4 0 17 47 199 43
-3 0 17 47 199 43
-2 0 17 75 75 75
-1 0 17 75 75 75
0 0 17 75 75 75
1 0 17 75 75 75
2 0 17 47 199 43
3 0 17 47 199 43
4 0 17 47 199 43
5 0 17 47 199 43
6 0 17 31 175 61
-6 1 17 15 140 62
-5 1 17 15 140 62
-4 1 17 47 199 43
-3 1 17 47 199 43
-2 1 17 47 199 43
-1 1 17 47 199 43
0 1 17 47 199 43
1 1 17 47 199 43
2 1 17 47 199 43
3 1 17 47 199 43
4 1 17 47 199 43
5 1 17 47 199 43
-4 2 17 31 175 61
-3 2 17 31 175 61
-2 2 17 31 175 61
-1 2 17 31 175 61
0 2 17 47 199 43
1 2 17 31 175 61
2 2 17 31 175 61
3 2 17 47 199 43
-3 -4 18 47 199 43
-2 -4 18 47 199 43
-1 -4 18 245 207 157
0 -4 18 231 182 134
1 -4 18 31 175 61
2 -4 18 31 175 61
-5 -3 18 47 199 43
-4 -3 18 47 199 43
-3 -3 18 47 199 43
-2 -3 18 75 75 75
-1 -3 18 75 75 75
0 -3 18 75 75 75
1 -3 18 75 75 75
2 -3 18 47 199 43
3 -3 18 47 199 43
4 -3 18 47 199 43
-5 -2 18 47 199 43
-4 -2 18 47 199 43
-3 -2 18 75 75 75
-2 -2 18 75 75 75
-1 -2 18 75 75 75
0 -2 18 75 75 75
1 -2 18 75 75 75
2 -2 18 47 199 43
3 -2 18 47 199 43
4 -2 18 47 199 43
-6 -1 18 31 175 61
-5 -1 18 47 199 43
-4 -1 18 47 199 43
-3 -1 18 75 75 75
-2 -1 18 75 75 75
-1 -1 18 75 75 75
0 -1 18 75 75 75
1 -1 18 75 75 75
2 -1 18 47 199 43
3 -1 18 47 199 43
4 -1 18 47 199 43
5 -1 18 31 175 61
-6 0 18 31 175 61
-5 0 18 47 199 43
-4 0 18 47 199 43
-3 0 18 47 199 43
-2 0 18 75 75 75
-1 0 18 75 75 75
0 0 18 75 75 75
1 0 18 75 75 75
2 0 18 47 199 43
3 0 18 47 199 43
4 0 18 47 199 43
5 0 18 31 175 61
-5 1 18 15 140 62
-4 1 18 15 140 62
-3 1 18 47 199 43
-2 1 18 47 199 43
-1 1 18 47 199 43
0 1 18 47 199 43
1 1 18 47 199 43
2 1 18 47 199 43
3 1 18 47 199 43
4 1 18 47 199 43
-4 2 18 15 140 62
-3 2 18 31 175 61
-2 2 18 15 140 62
-1 2 18 31 175 61
0 2 18 31 175 61
1 2 18 47 199 43
2 2 18 31 175 61
3 2 18 47 199 43
-3 -4 19 47 199 43
-2 -4 19 245 207 157
-1 -4 19 245 207 157
0 -4 19 245 207 157
1 -4 19 231 182 134
2 -4 19 31 175 61
-4 -3 19 47 199 43
-3 -3 19 47 199 43
-2 -3 19 75 75 75
-1 -3 19 75 75 75
0 -3 19 75 75 75
1 -3 19 75 75 75
2 -3 19 31 175 61
3 -3 19 31 175 61
-4 -2 19 47 199 43
-3 -2 19 75 75 75
-2 -2 19 75 75 75
-1 -2 19 75 75 75
0 -2 19 75 75 75
1 -2 19 75 75 75
2 -2 19 47 199 43
3 -2 19 47 199 43
-5 -1 19 47 199 43
-4 -1 19 47 199 43
-3 -1 19 75 75 75
-2 -1 19 75 75 75
-1 -1 19 75 75 75
0 -1 19 75 75 75
1 -1 19 75 75 75
2 -1 19 47 199 43
3 -1 19 47 199 43
4 -1 19 47 199 43
-5 0 19 31 175 61
-4 0 19 47 199 43
-3 0 19 47 199 43
-2 0 19 75 75 75
-1 0 19 75 75 75
0 0 19 75 75 75
1 0 19 75 75 75
2 0 19 47 199 43
3 0 19 47 199 43
4 0 19 31 175 61
-4 1 19 15 140 62
-3 1 19 15 140 62
-2 1 19 15 140 62
-1 1 19 15 140 62
0 1 19 47 199 43
1 1 19 47 199 43
2 1 19 47 199 43
3 1 19 31 175 61
-3 2 19 15 140 62
-2 2 19 15 140 62
-1 2 19 15 140 62
0 2 19 31 175 61
1 2 19 47 199 43
2 2 19 47 199 43
-1 -4 20 218 156 115
0 -4 20 218 156 115
-4 -3 20 47 199 43
-3 -3 20 218 156 115
-2 -3 20 218 156 115
-1 -3 20 218 156 115
0 -3 20 218 156 115
1 -3 20 218 156 115
2 -3 20 218 156 115
3 -3 20 47 199 43
-4 -2 20 47 199 43
-3 -2 20 75 75 75
-2 -2 20 75 75 75
-1 -2 20 75 75 75
0 -2 20 75 75 75
1 -2 20 75 75 75
2 -2 20 47 199 43
3 -2 20 47 199 43
-4 -1 20 47 199 43
-3 -1 20 75 75 75
-2 -1 20 75 75 75
-1 -1 20 75 75 75
0 -1 20 75 75 75
1 -1 20 75 75 75
2 -1 20 47 199 43
3 -1 20 47 199 43
-4 0 20 31 175 61
-3 0 20 47 199 43
-2 0 20 75 75 75
-1 0 20 75 75 75
0 0 20 75 75 75
1 0 20 75 75 75
2 0 20 47 199 43
3 0 20 31 175 61
-4 1 20 31 175 61
-3 1 20 47 199 43
-2 1 20 75 75 75
-1 1 20 75 75 75
0 1 20 75 75 75
1 1 20 75 75 75
2 1 20 47 199 43
3 1 20 31 175 61
-3 2 20 47 199 43
-2 2 20 231 182 134
-1 2 20 245 207 157
0 2 20 231 182 134
1 2 20 231 182 134
2 2 20 47 199 43
-2 -5 21 245 207 157
-1 -5 21 245 207 157
0 -5 21 245 207 157
1 -5 21 245 207 157
-4 -4 21 218 156 115
-3 -4 21 231 182 134
-2 -4 21 245 207 157
-1 -4 21 245 207 157
0 -4 21 245 207 157
1 -4 21 245 207 157
2 -4 21 231 182 134
3 -4 21 218 156 115
-4 -3 21 231 182 134
-3 -3 21 218 156 115
-2 -3 21 218 156 115
-1 -3 21 218 156 115
0 -3 21 218 156 115
1 -3 21 218 156 115
2 -3 21 218 156 115
3 -3 21 218 156 115
-4 -2 21 231 182 134
-3 -2 21 218 156 115
-2 -2 21 218 156 115
-1 -2 21 218 156 115
0 -2 21 218 156 115
1 -2 21 218 156 115
2 -2 21 218 156 115
3 -2 21 231 182 134
-4 -1 21 245 207 157
-3 -1 21 218 156 115
-2 -1 21 218 156 115
-1 -1 21 218 156 115
0 -1 21 218 156 115
1 -1 21 218 156 115
2 -1 21 218 156 115
3 -1 21 245 207 157
-4 0 21 245 207 157
-3 0 21 218 156 115
-2 0 21 218 156 115
-1 0 21 218 156 115
0 0 21 218 156 115
1 0 21 218 156 115
2 0 21 218 156 115
3 0 21 245 207 157
-4 1 21 231 182 134
-3 1 21 231 182 134
-2 1 21 231 182 134
-1 1 21 231 182 134
0 1 21 218 156 115
1 1 21 231 182 134
2 1 21 218 156 115
3 1 21 231 182 134
-3 -5 22 245 207 157
-2 -5 22 245 207 157
-1 -5 22 245 182 157
0 -5 22 245 182 157
1 -5 22 245 207 157
2 -5 22 245 207 157
-4 -4 22 245 207 157
-3 -4 22 75 75 75
-2 -4 22 75 75 75
-1 -4 22 75 75 75
0 -4 22 75 75 75
1 -4 22 75 75 75
2 -4 22 75 75 75
3 -4 22 245 207 157
-5 -3 22 245 207 157
-4 -3 22 245 207 157
-3 -3 22 75 75 75
-2 -3 22 75 75 75
-1 -3 22 75 75 75
0 -3 22 75 75 75
1 -3 22 75 75 75
2 -3 22 75 75 75
3 -3 22 245 207 157
4 -3 22 245 207 157
-5 -2 22 245 207 157
-4 -2 22 245 207 157
-3 -2 22 75 75 75
-2 -2 22 75 75 75
-1 -2 22 75 75 75
0 -2 22 75 75 75
1 -2 22 75 75 75
2 -2 22 75 75 75
3 -2 22 245 207 157
4 -2 22 245 207 157
-5 -1 22 231 182 134
-4 -1 22 245 207 157
-3 -1 22 75 75 75
-2 -1 22 75 75 75
-1 -1 22 75 75 75
0 -1 22 75 75 75
1 -1 22 75 75 75
2 -1 22 75 75 75
3 -1 22 245 207 157
4 -1 22 231 182 134
-5 0 22 231 182 134
-4 0 22 245 207 157
-3 0 22 75 75 75
-2 0 22 75 75 75
-1 0 22 75 75 75
0 0 22 75 75 75
1 0 22 75 75 75
2 0 22 75 75 75
3 0 22 245 207 157
4 0 22 231 182 134
-5 1 22 231 182 134
-4 1 22 231 182 134
-3 1 22 75 75 75
-2 1 22 75 75 75
-1 1 22 75 75 75
0 1 22 75 75 75
1 1 22 75 75 75
2 1 22 75 75 75
3 1 22 231 182 134
4 1 22 231 182 134
-4 2 22 231 182 134
-3 2 22 219 156 21
-2 2 22 219 156 21
-1 2 22 238 208 65
0 2 22 238 208 65
1 2 22 238 208 65
2 2 22 237 194 52
3 2 22 218 156 115
-1 3 22 237 194 52
0 3 22 237 178 52
1 3 22 219 156 21
-4 -5 23 245 207 157
-3 -5 23 245 207 157
-2 -5 23 245 207 157
-1 -5 23 245 207 157
0 -5 23 245 207 157
1 -5 23 245 207 157
2 -5 23 245 207 157
3 -5 23 245 207 157
-5 -4 23 245 207 157
-4 -4 23 245 207 157
-3 -4 23 75 75 75
-2 -4 23 75 75 75
-1 -4 23 75 75 75
0 -4 23 75 75 75
1 -4 23 75 75 75
2 -4 23 75 75 75
3 -4 23 245 207 157
4 -4 23 245 207 157
-5 -3 23 245 207 157
-4 -3 23 245 207 157
-3 -3 23 75 75 75
-2 -3 23 75 75 75
-1 -3 23 75 75 75
0 -3 23 75 75 75
1 -3 23 75 75 75
2 -3 23 75 75 75
3 -3 23 245 207 157
4 -3 23 245 207 157
-6 -2 23 245 207 157
-5 -2 23 245 207 157
-4 -2 23 245 207 157
-3 -2 23 75 75 75
-2 -2 23 75 75 75
-1 -2 23 75 75 75
0 -2 23 75 75 75
1 -2 23 75 75 75
2 -2 23 75 75 75
3 -2 23 245 207 157
4 -2 23 245 207 157
5 -2 23 245 207 157
-6 -1 23 245 207 157
-5 -1 23 245 207 157
-4 -1 23 245 207 157
-3 -1 23 75 75 75
-2 -1 23 75 75 75
-1 -1 23 75 75 75
0 -1 23 75 75 75
1 -1 23 75 75 75
2 -1 23 75 75 75
3 -1 23 245 207 157
4 -1 23 245 207 157
5 -1 23 245 207 157
-6 0 23 231 182 134
-5 0 23 245 207 157
-4 0 23 245 207 157
-3 0 23 75 75 75
-2 0 23 75 75 75
-1 0 23 75 75 75
0 0 23 75 75 75
1 0 23 75 75 75
2 0 23 75 75 75
3 0 23 245 207 157
4 0 23 245 207 157
5 0 23 231 182 134
-6 1 23 245 207 157
-5 1 23 245 207 157
-4 1 23 245 207 157
-3 1 23 75 75 75
-2 1 23 75 75 75
-1 1 23 75 75 75
0 1 23 75 75 75
1 1 23 75 75 75
2 1 23 75 75 75
3 1 23 245 207 157
4 1 23 245 207 157
5 1 23 245 207 157
-6 2 23 231 182 134
-5 2 23 231 182 134
-4 2 23 245 207 157
-3 2 23 219 156 21
-2 2 23 238 208 65
-1 2 23 238 208 65
0 2 23 238 208 65
1 2 23 238 208 65
2 2 23 238 208 65
3 2 23 245 207 157
4 2 23 218 156 115
5 2 23 231 182 134
-4 3 23 219 156 21
-3 3 23 219 156 21
-2 3 23 237 178 52
-1 3 23 237 178 52
0 3 23 238 208 65
1 3 23 238 208 65
2 3 23 219 156 21
3 3 23 219 156 21
-1 4 23 237 178 52
0 4 23 219 156 21
1 4 23 237 178 52
2 4 23 219 156 21
-4 -5 24 245 207 157
-3 -5 24 248 248 248
-2 -5 24 39 153 182
-1 -5 24 245 207 157
0 -5 24 245 207 157
1 -5 24 39 153 182
2 -5 24 248 248 248
3 -5 24 245 207 157
-5 -4 24 231 182 134
-4 -4 24 75 75 75
-3 -4 24 75 75 75
-2 -4 24 75 75 75
-1 -4 24 75 75 75
0 -4 24 75 75 75
1 -4 24 75 75 75
2 -4 24 75 75 75
3 -4 24 245 207 157
4 -4 24 218 156 115
-6 -3 24 231 182 134
-5 -3 24 245 207 157
-4 -3 24 75 75 75
-3 -3 24 75 75 75
-2 -3 24 75 75 75
-1 -3 24 75 75 75
0 -3 24 75 75 75
1 -3 24 75 75 75
2 -3 24 75 75 75
3 -3 24 245 207 157
4 -3 24 245 207 157
5 -3 24 231 182 134
-6 -2 24 245 207 157
-5 -2 24 245 207 157
-4 -2 24 75 75 75
-3 -2 24 75 75 75
-2 -2 24 75 75 75
-1 -2 24 75 75 75
0 -2 24 75 75 75
1 -2 24 75 75 75
2 -2 24 75 75 75
3 -2 24 245 207 157
4 -2 24 245 207 157
5 -2 24 245 207 157
-6 -1 24 245 207 157
-5 -1 24 245 207 157
-4 -1 24 75 75 75
-3 -1 24 75 75 75
-2 -1 24 75 75 75
-1 -1 24 75 75 75
0 -1 24 75 75 75
1 -1 24 75 75 75
2 -1 24 75 75 75
3 -1 24 245 207 157
4 -1 24 245 207 157
5 -1 24 245 207 157
-6 0 24 218 156 115
-5 0 24 245 207 157
-4 0 24 75 75 75
-3 0 24 75 75 75
-2 0 24 75 75 75
-1 0 24 75 75 75
0 0 24 75 75 75
1 0 24 75 75 75
2 0 24 75 75 75
3 0 24 245 207 157
4 0 24 245 207 157
5 0 24 218 156 115
-6 1 24 219 156 21
-5 1 24 75 75 75
-4 1 24 75 75 75
-3 1 24 75 75 75
-2 1 24 75 75 75
-1 1 24 75 75 75
0 1 24 75 75 75
1 1 24 75 75 75
2 1 24 75 75 75
3 1 24 238 208 65
4 1 24 238 208 65
5 1 24 219 156 21
-6 2 24 237 178 52
-5 2 24 238 208 65
-4 2 24 75 75 75
-3 2 24 219 156 21
-2 2 24 238 208 65
-1 2 24 238 208 65
0 2 24 238 208 65
1 2 24 238 208 65
2 2 24 238 208 65
3 2 24 238 208 65
4 2 24 238 208 65
5 2 24 219 156 21
-5 3 24 219 156 21
-4 3 24 237 194 52
-3 3 24 219 156 21
-2 3 24 238 208 65
-1 3 24 238 208 65
0 3 24 238 208 65
1 3 24 238 208 65
2 3 24 238 208 65
3 3 24 238 208 65
4 3 24 237 194 52
-2 4 24 237 194 52
-1 4 24 219 156 21
0 4 24 219 156 21
1 4 24 219 156 21
2 4 24 237 178 52
3 4 24 237 178 52
-5 -5 25 231 182 134
-4 -5 25 231 182 134
-3 -5 25 201 201 201
-2 -5 25 36 102 157
-1 -5 25 245 207 157
0 -5 25 245 207 157
1 -5 25 36 102 157
2 -5 25 201 201 201
3 -5 25 231 182 134
4 -5 25 218 156 115
-6 -4 25 219 156 21
-5 -4 25 75 75 75
-4 -4 25 75 75 75
-3 -4 25 75 75 75
-2 -4 25 75 75 75
-1 -4 25 75 75 75
0 -4 25 75 75 75
1 -4 25 75 75 75
2 -4 25 75 75 75
3 -4 25 75 75 75
4 -4 25 75 75 75
5 -4 25 219 156 21
-6 -3 25 207 137 26
-5 -3 25 75 75 75
-4 -3 25 75 75 75
-3 -3 25 75 75 75
-2 -3 25 75 75 75
-1 -3 25 75 75 75
0 -3 25 75 75 75
1 -3 25 75 75 75
2 -3 25 75 75 75
3 -3 25 75 75 75
4 -3 25 75 75 75
5 -3 25 219 156 21
-6 -2 25 231 182 134
-5 -2 25 75 75 75
-4 -2 25 75 75 75
-3 -2 25 75 75 75
-2 -2 25 75 75 75
-1 -2 25 75 75 75
0 -2 25 75 75 75
1 -2 25 75 75 75
2 -2 25 75 75 75
3 -2 25 75 75 75
4 -2 25 75 75 75
5 -2 25 231 182 134
-6 -1 25 218 156 115
-5 -1 25 75 75 75
-4 -1 25 75 75 75
-3 -1 25 75 75 75
-2 -1 25 75 75 75
-1 -1 25 75 75 75
0 -1 25 75 75 75
1 -1 25 75 75 75
2 -1 25 75 75 75
3 -1 25 75 75 75
4 -1 25 75 75 75
5 -1 25 218 156 115
-6 0 25 237 194 52
-5 0 25 75 75 75
-4 0 25 75 75 75
-3 0 25 75 75 75
-2 0 25 75 75 75
-1 0 25 75 75 75
0 0 25 75 75 75
1 0 25 75 75 75
2 0 25 75 75 75
3 0 25 75 75 75
4 0 25 75 75 75
5 0 25 237 178 52
-6 1 25 237 178 52
-5 1 25 75 75 75
-4 1 25 75 75 75
-3 1 25 75 75 75
-2 1 25 75 75 75
-1 1 25 75 75 75
0 1 25 75 75 75
1 1 25 75 75 75
2 1 25 75 75 75
3 1 25 238 208 65
4 1 25 238 208 65
5 1 25 219 156 21
-6 2 25 237 178 52
-5 2 25 238 208 65
-4 2 25 75 75 75
-3 2 25 238 208 65
-2 2 25 238 208 65
-1 2 25 238 208 65
0 2 25 238 208 65
1 2 25 238 208 65
2 2 25 238 208 65
3 2 25 238 208 65
4 2 25 238 208 65
5 2 25 237 178 52
-6 3 25 237 178 52
-5 3 25 207 137 26
-4 3 25 238 208 65
-3 3 25 238 208 65
-2 3 25 238 208 65
-1 3 25 238 208 65
0 3 25 238 208 65
1 3 25 238 208 65
2 3 25 238 208 65
3 3 25 238 208 65
4 3 25 238 208 65
5 3 25 219 156 21
-4 4 25 238 208 65
-3 4 25 237 178 52
-2 4 25 219 156 21
-1 4 25 238 208 65
0 4 25 238 208 65
1 4 25 238 208 65
2 4 25 238 208 65
3 4 25 238 208 65
4 4 25 207 137 26
5 4 25 237 178 52
-1 5 25 237 178 52
0 5 25 237 178 52
1 5 25 237 178 52
2 5 25 237 178 52
3 5 25 237 194 52
-6 -5 26 237 178 52
-5 -5 26 207 137 26
-4 -5 26 218 156 115
-3 -5 26 84 47 34
-2 -5 26 84 47 34
-1 -5 26 245 207 157
0 -5 26 245 207 157
1 -5 26 84 47 34
2 -5 26 84 47 34
3 -5 26 218 156 115
4 -5 26 207 137 26
5 -5 26 219 156 21
-6 -4 26 237 178 52
-5 -4 26 238 208 65
-4 -4 26 75 75 75
-3 -4 26 75 75 75
-2 -4 26 75 75 75
-1 -4 26 75 75 75
0 -4 26 75 75 75
1 -4 26 75 75 75
2 -4 26 75 75 75
3 -4 26 75 75 75
4 -4 26 75 75 75
5 -4 26 237 178 52
-6 -3 26 237 194 52
-5 -3 26 238 208 65
-4 -3 26 75 75 75
-3 -3 26 75 75 75
-2 -3 26 75 75 75
-1 -3 26 75 75 75
0 -3 26 75 75 75
1 -3 26 75 75 75
2 -3 26 75 75 75
3 -3 26 75 75 75
4 -3 26 75 75 75
5 -3 26 237 178 52
-6 -2 26 219 156 21
-5 -2 26 238 208 65
-4 -2 26 75 75 75
-3 -2 26 75 75 75
-2 -2 26 75 75 75
-1 -2 26 75 75 75
0 -2 26 75 75 75
1 -2 26 75 75 75
2 -2 26 75 75 75
3 -2 26 75 75 75
4 -2 26 75 75 75
5 -2 26 237 178 52
-6 -1 26 237 194 52
-5 -1 26 238 208 65
-4 -1 26 75 75 75
-3 -1 26 75 75 75
-2 -1 26 75 75 75
-1 -1 26 75 75 75
0 -1 26 75 75 75
1 -1 26 75 75 75
2 -1 26 75 75 75
3 -1 26 75 75 75
4 -1 26 75 75 75
5 -1 26 237 178 52
-6 0 26 237 178 52
-5 0 26 75 75 75
-4 0 26 75 75 75
-3 0 26 75 75 75
-2 0 26 75 75 75
-1 0 26 75 75 75
0 0 26 75 75 75
1 0 26 75 75 75
2 0 26 75 75 75
3 0 26 75 75 75
4 0 26 75 75 75
5 0 26 238 208 65
6 0 26 219 156 21
-6 1 26 237 194 52
-5 1 26 75 75 75
-4 1 26 75 75 75
-3 1 26 75 75 75
-2 1 26 75 75 75
-1 1 26 75 75 75
0 1 26 75 75 75
1 1 26 75 75 75
2 1 26 75 75 75
3 1 26 238 208 65
4 1 26 238 208 65
5 1 26 238 208 65
6 1 26 237 178 52
-6 2 26 237 194 52
-5 2 26 238 208 65
-4 2 26 75 75 75
-3 2 26 238 208 65
-2 2 26 238 208 65
-1 2 26 238 208 65
0 2 26 238 208 65
1 2 26 238 208 65
2 2 26 238 208 65
3 2 26 238 208 65
4 2 26 238 208 65
5 2 26 237 178 52
-6 3 26 237 178 52
-5 3 26 237 178 52
-4 3 26 238 208 65
-3 3 26 238 208 65
-2 3 26 238 208 65
-1 3 26 238 208 65
0 3 26 238 208 65
1 3 26 238 208 65
2 3 26 238 208 65
3 3 26 238 208 65
4 3 26 238 208 65
5 3 26 237 194 52
-4 4 26 238 208 65
-3 4 26 237 194 52
-2 4 26 238 208 65
-1 4 26 238 208 65
0 4 26 238 208 65
1 4 26 238 208 65
2 4 26 238 208 65
3 4 26 238 208 65
4 4 26 238 208 65
5 4 26 237 178 52
-2 5 26 207 137 26
-1 5 26 237 178 52
0 5 26 237 178 52
1 5 26 237 178 52
2 5 26 237 178 52
3 5 26 237 194 52
4 5 26 237 178 52
4 -6 27 237 178 52
-5 -5 27 237 178 52
-4 -5 27 238 208 65
-3 -5 27 218 156 115
-2 -5 27 231 182 134
-1 -5 27 231 182 134
0 -5 27 245 207 157
1 -5 27 231 182 134
2 -5 27 218 156 115
3 -5 27 237 194 52
4 -5 27 238 208 65
5 -5 27 237 178 52
-6 -4 27 237 194 52
-5 -4 27 237 194 52
-4 -4 27 75 75 75
-3 -4 27 75 75 75
-2 -4 27 75 75 75
-1 -4 27 75 75 75
0 -4 27 75 75 75
1 -4 27 75 75 75
2 -4 27 75 75 75
3 -4 27 75 75 75
4 -4 27 75 75 75
5 -4 27 237 194 52
-6 -3 27 237 178 52
-5 -3 27 238 208 65
-4 -3 27 75 75 75
-3 -3 27 75 75 75
-2 -3 27 75 75 75
-1 -3 27 75 75 75
0 -3 27 75 75 75
1 -3 27 75 75 75
2 -3 27 75 75 75
3 -3 27 75 75 75
4 -3 27 75 75 75
5 -3 27 237 178 52
-6 -2 27 237 178 52
-5 -2 27 238 208 65
-4 -2 27 75 75 75
-3 -2 27 75 75 75
-2 -2 27 75 75 75
-1 -2 27 75 75 75
0 -2 27 75 75 75
1 -2 27 75 75 75
2 -2 27 75 75 75
3 -2 27 75 75 75
4 -2 27 75 75 75
5 -2 27 238 208 65
6 -2 27 237 194 52
-6 -1 27 237 178 52
-5 -1 27 238 208 65
-4 -1 27 75 75 75
-3 -1 27 75 75 75
-2 -1 27 75 75 75
-1 -1 27 75 75 75
0 -1 27 75 75 75
1 -1 27 75 75 75
2 -1 27 75 75 75
3 -1 27 75 75 75
4 -1 27 75 75 75
5 -1 27 238 208 65
6 -1 27 237 178 52
-6 0 27 237 194 52
-5 0 27 75 75 75
-4 0 27 75 75 75
-3 0 27 75 75 75
-2 0 27 75 75 75
-1 0 27 75 75 75
0 0 27 75 75 75
1 0 27 75 75 75
2 0 27 75 75 75
3 0 27 75 75 75
4 0 27 75 75 75
5 0 27 238 208 65
6 0 27 237 194 52
-6 1 27 237 194 52
-5 1 27 75 75 75
-4 1 27 75 75 75
-3 1 27 75 75 75
-2 1 27 75 75 75
-1 1 27 75 75 75
0 1 27 75 75 75
1 1 27 75 75 75
2 1 27 75 75 75
3 1 27 238 208 65
4 1 27 238 208 65
5 1 27 238 208 65
6 1 27 237 178 52
-6 2 27 219 156 21
-5 2 27 238 208 65
-4 2 27 75 75 75
-3 2 27 238 208 65
-2 2 27 238 208 65
-1 2 27 238 208 65
0 2 27 238 208 65
1 2 27 238 208 65
2 2 27 238 208 65
3 2 27 238 208 65
4 2 27 238 208 65
5 2 27 238 208 65
6 2 27 237 194 52
-5 3 27 219 156 21
-4 3 27 238 208 65
-3 3 27 238 208 65
-2 3 27 238 208 65
-1 3 27 238 208 65
0 3 27 238 208 65
1 3 27 238 208 65
2 3 27 238 208 65
3 3 27 238 208 65
4 3 27 238 208 65
5 3 27 237 178 52
-5 4 27 238 208 65
-4 4 27 237 194 52
-3 4 27 219 156 21
-2 4 27 238 208 65
-1 4 27 238 208 65
0 4 27 238 208 65
1 4 27 238 208 65
2 4 27 238 208 65
3 4 27 238 208 65
4 4 27 238 208 65
5 4 27 237 194 52
-2 5 27 207 137 26
-1 5 27 237 194 52
0 5 27 237 178 52
1 5 27 237 194 52
2 5 27 237 178 52
3 5 27 237 178 52
4 5 27 237 194 52
5 5 27 237 194 52
2 -6 28 237 194 52
3 -6 28 237 194 52
4 -6 28 237 194 52
-5 -5 28 237 178 52
-4 -5 28 237 194 52
-3 -5 28 237 194 52
-2 -5 28 218 156 115
-1 -5 28 218 156 115
0 -5 28 218 156 115
1 -5 28 218 156 115
2 -5 28 238 208 65
3 -5 28 238 208 65
4 -5 28 238 208 65
5 -5 28 237 178 52
-5 -4 28 237 194 52
-4 -4 28 75 75 75
-3 -4 28 75 75 75
-2 -4 28 75 75 75
-1 -4 28 75 75 75
0 -4 28 75 75 75
1 -4 28 75 75 75
2 -4 28 238 208 65
3 -4 28 238 208 65
4 -4 28 238 208 65
5 -4 28 237 194 52
6 -4 28 237 194 52
-5 -3 28 237 194 52
-4 -3 28 75 75 75
-3 -3 28 75 75 75
-2 -3 28 75 75 75
-1 -3 28 75 75 75
0 -3 28 75 75 75
1 -3 28 75 75 75
2 -3 28 238 208 65
3 -3 28 238 208 65
4 -3 28 238 208 65
5 -3 28 238 208 65
6 -3 28 238 208 65
-6 -2 28 237 194 52
-5 -2 28 238 208 65
-4 -2 28 75 75 75
-3 -2 28 75 75 75
-2 -2 28 75 75 75
-1 -2 28 75 75 75
0 -2 28 75 75 75
1 -2 28 75 75 75
2 -2 28 238 208 65
3 -2 28 238 208 65
4 -2 28 238 208 65
5 -2 28 238 208 65
6 -2 28 237 178 52
-6 -1 28 219 156 21
-5 -1 28 238 208 65
-4 -1 28 75 75 75
-3 -1 28 75 75 75
-2 -1 28 75 75 75
-1 -1 28 75 75 75
0 -1 28 75 75 75
1 -1 28 75 75 75
2 -1 28 238 208 65
3 -1 28 238 208 65
4 -1 28 238 208 65
5 -1 28 238 208 65
6 -1 28 237 194 52
-6 0 28 237 178 52
-5 0 28 75 75 75
-4 0 28 75 75 75
-3 0 28 75 75 75
-2 0 28 75 75 75
-1 0 28 75 75 75
0 0 28 75 75 75
1 0 28 75 75 75
2 0 28 238 208 65
3 0 28 238 208 65
4 0 28 238 208 65
5 0 28 238 208 65
6 0 28 237 194 52
-6 1 28 219 156 21
-5 1 28 75 75 75
-4 1 28 75 75 75
-3 1 28 75 75 75
-2 1 28 75 75 75
-1 1 28 75 75 75
0 1 28 75 75 75
1 1 28 75 75 75
2 1 28 238 208 65
3 1 28 238 208 65
4 1 28 238 208 65
5 1 28 238 208 65
6 1 28 238 208 65
-5 2 28 237 194 52
-4 2 28 75 75 75
-3 2 28 238 208 65
-2 2 28 238 208 65
-1 2 28 238 208 65
0 2 28 238 208 65
1 2 28 238 208 65
2 2 28 238 208 65
3 2 28 238 208 65
4 2 28 238 208 65
5 2 28 238 208 65
6 2 28 237 194 52
-5 3 28 238 208 65
-4 3 28 238 208 65
-3 3 28 238 208 65
-2 3 28 238 208 65
-1 3 28 238 208 65
0 3 28 238 208 65
1 3 28 238 208 65
2 3 28 238 208 65
3 3 28 238 208 65
4 3 28 238 208 65
5 3 28 237 178 52
6 3 28 237 178 52
-5 4 28 237 194 52
-4 4 28 245 226 118
-3 4 28 207 137 26
-2 4 28 238 208 65
-1 4 28 238 208 65
0 4 28 238 208 65
1 4 28 238 208 65
2 4 28 238 208 65
3 4 28 238 208 65
4 4 28 238 208 65
5 4 28 237 194 52
6 4 28 237 194 52
-2 5 28 237 194 52
-1 5 28 237 194 52
0 5 28 237 178 52
1 5 28 237 178 52
2 5 28 237 194 52
3 5 28 237 194 52
4 5 28 237 178 52
1 -7 29 237 194 52
2 -7 29 238 208 65
3 -7 29 238 208 65
-4 -6 29 245 226 118
-3 -6 29 237 178 52
-2 -6 29 207 137 26
-1 -6 29 237 194 52
0 -6 29 237 194 52
1 -6 29 237 194 52
2 -6 29 238 208 65
3 -6 29 238 208 65
4 -6 29 237 178 52
5 -6 29 237 194 52
-4 -5 29 237 178 52
-3 -5 29 238 208 65
-2 -5 29 238 208 65
-1 -5 29 238 208 65
0 -5 29 238 208 65
1 -5 29 238 208 65
2 -5 29 238 208 65
3 -5 29 238 208 65
4 -5 29 238 208 65
5 -5 29 238 208 65
-4 -4 29 237 194 52
-3 -4 29 238 208 65
-2 -4 29 238 208 65
-1 -4 29 238 208 65
0 -4 29 238 208 65
1 -4 29 238 208 65
2 -4 29 238 208 65
3 -4 29 238 208 65
4 -4 29 238 208 65
5 -4 29 237 194 52
-5 -3 29 238 208 65
-4 -3 29 238 208 65
-3 -3 29 238 208 65
-2 -3 29 238 208 65
-1 -3 29 207 137 26
0 -3 29 238 208 65
1 -3 29 238 208 65
2 -3 29 238 208 65
3 -3 29 238 208 65
4 -3 29 238 208 65
5 -3 29 238 208 65
6 -3 29 237 194 52
-5 -2 29 219 156 21
-4 -2 29 238 208 65
-3 -2 29 238 208 65
-2 -2 29 238 208 65
-1 -2 29 207 137 26
0 -2 29 238 208 65
1 -2 29 238 208 65
2 -2 29 238 208 65
3 -2 29 238 208 65
4 -2 29 238 208 65
5 -2 29 238 208 65
6 -2 29 237 178 52
-5 -1 29 238 208 65
-4 -1 29 238 208 65
-3 -1 29 238 208 65
-2 -1 29 238 208 65
-1 -1 29 207 137 26
0 -1 29 238 208 65
1 -1 29 238 208 65
2 -1 29 238 208 65
3 -1 29 238 208 65
4 -1 29 238 208 65
5 -1 29 238 208 65
6 -1 29 237 194 52
-5 0 29 207 137 26
-4 0 29 238 208 65
-3 0 29 238 208 65
-2 0 29 238 208 65
-1 0 29 207 137 26
0 0 29 238 208 65
1 0 29 238 208 65
2 0 29 238 208 65
3 0 29 238 208 65
4 0 29 238 208 65
5 0 29 238 208 65
6 0 29 238 208 65
-5 1 29 237 194 52
-4 1 29 238 208 65
-3 1 29 238 208 65
-2 1 29 238 208 65
-1 1 29 207 137 26
0 1 29 238 208 65
1 1 29 238 208 65
2 1 29 238 208 65
3 1 29 238 208 65
4 1 29 238 208 65
5 1 29 238 208 65
6 1 29 237 194 52
-5 2 29 245 226 118
-4 2 29 238 208 65
-3 2 29 238 208 65
-2 2 29 238 208 65
-1 2 29 238 208 65
0 2 29 238 208 65
1 2 29 238 208 65
2 2 29 238 208 65
3 2 29 238 208 65
4 2 29 238 208 65
5 2 29 238 208 65
6 2 29 237 178 52
-5 3 29 219 156 21
-4 3 29 238 208 65
-3 3 29 238 208 65
-2 3 29 238 208 65
-1 3 29 238 208 65
0 3 29 238 208 65
1 3 29 238 208 65
2 3 29 238 208 65
3 3 29 238 208 65
4 3 29 238 208 65
5 3 29 238 208 65
-4 4 29 237 178 52
-3 4 29 207 137 26
-2 4 29 238 208 65
-1 4 29 237 194 52
0 4 29 237 194 52
1 4 29 237 194 52
2 4 29 238 208 65
3 4 29 238 208 65
4 4 29 245 226 118
5 4 29 238 208 65
0 5 29 237 194 52
1 5 29 237 194 52
2 5 29 237 178 52
-3 -7 30 207 137 26
-2 -7 30 238 208 65
-1 -7 30 237 194 52
0 -7 30 238 208 65
1 -7 30 245 226 118
2 -7 30 245 226 118
3 -7 30 238 208 65
4 -7 30 245 226 118
-3 -6 30 207 137 26
-2 -6 30 237 178 52
-1 -6 30 238 208 65
0 -6 30 238 208 65
1 -6 30 238 208 65
2 -6 30 238 208 65
3 -6 30 238 208 65
4 -6 30 238 208 65
-4 -5 30 237 178 52
-3 -5 30 207 137 26
-2 -5 30 238 208 65
-1 -5 30 238 208 65
0 -5 30 238 208 65
1 -5 30 238 208 65
2 -5 30 238 208 65
3 -5 30 238 208 65
4 -5 30 238 208 65
5 -5 30 237 194 52
-4 -4 30 237 178 52
-3 -4 30 219 156 21
-2 -4 30 238 208 65
-1 -4 30 238 208 65
0 -4 30 238 208 65
1 -4 30 238 208 65
2 -4 30 238 208 65
3 -4 30 238 208 65
4 -4 30 238 208 65
5 -4 30 238 208 65
-4 -3 30 237 194 52
-3 -3 30 219 156 21
-2 -3 30 238 208 65
-1 -3 30 207 137 26
0 -3 30 238 208 65
1 -3 30 238 208 65
2 -3 30 238 208 65
3 -3 30 238 208 65
4 -3 30 238 208 65
5 -3 30 237 178 52
-4 -2 30 219 156 21
-3 -2 30 238 208 65
-2 -2 30 238 208 65
-1 -2 30 207 137 26
0 -2 30 238 208 65
1 -2 30 238 208 65
2 -2 30 238 208 65
3 -2 30 238 208 65
4 -2 30 238 208 65
5 -2 30 238 208 65
-4 -1 30 207 137 26
-3 -1 30 238 208 65
-2 -1 30 238 208 65
-1 -1 30 207 137 26
0 -1 30 238 208 65
1 -1 30 238 208 65
2 -1 30 238 208 65
3 -1 30 238 208 65
4 -1 30 238 208 65
5 -1 30 237 194 52
-4 0 30 207 137 26
-3 0 30 238 208 65
-2 0 30 238 208 65
-1 0 30 207 137 26
0 0 30 238 208 65
1 0 30 238 208 65
2 0 30 238 208 65
3 0 30 238 208 65
4 0 30 238 208 65
5 0 30 237 194 52
-4 1 30 219 156 21
-3 1 30 238 208 65
-2 1 30 238 208 65
-1 1 30 207 137 26
0 1 30 238 208 65
1 1 30 238 208 65
2 1 30 238 208 65
3 1 30 238 208 65
4 1 30 238 208 65
5 1 30 245 226 118
-3 2 30 207 137 26
-2 2 30 238 208 65
-1 2 30 238 208 65
0 2 30 238 208 65
1 2 30 238 208 65
2 2 30 238 208 65
3 2 30 238 208 65
4 2 30 238 208 65
-3 3 30 207 137 26
-2 3 30 238 208 65
-1 3 30 238 208 65
0 3 30 238 208 65
1 3 30 238 208 65
2 3 30 238 208 65
3 3 30 238 208 65
4 3 30 238 208 65
-2 4 30 237 194 52
-1 4 30 245 226 118
0 4 30 245 226 118
1 4 30 238 208 65
2 4 30 238 208 65
3 4 30 245 226 118
-1 -7 31 245 226 118
0 -7 31 245 226 118
1 -7 31 238 208 65
2 -7 31 238 208 65
3 -7 31 245 226 118
-1 -6 31 238 208 65
0 -6 31 238 208 65
1 -6 31 238 208 65
2 -6 31 238 208 65
3 -6 31 238 208 65
4 -6 31 238 208 65
-2 -5 31 237 194 52
-1 -5 31 238 208 65
0 -5 31 238 208 65
1 -5 31 238 208 65
2 -5 31 238 208 65
3 -5 31 238 208 65
4 -5 31 245 226 118
-2 -4 31 237 194 52
-1 -4 31 238 208 65
0 -4 31 238 208 65
1 -4 31 238 208 65
2 -4 31 238 208 65
3 -4 31 238 208 65
4 -4 31 238 208 65
-2 -3 31 237 178 52
-1 -3 31 238 208 65
0 -3 31 238 208 65
1 -3 31 238 208 65
2 -3 31 238 208 65
3 -3 31 238 208 65
4 -3 31 237 194 52
-2 -2 31 207 137 26
-1 -2 31 237 178 52
0 -2 31 238 208 65
1 -2 31 238 208 65
2 -2 31 238 208 65
3 -2 31 238 208 65
4 -2 31 238 208 65
-2 -1 31 207 137 26
-1 -1 31 238 208 65
0 -1 31 238 208 65
1 -1 31 238 208 65
2 -1 31 238 208 65
3 -1 31 238 208 65
4 -1 31 238 208 65
-2 0 31 207 137 26
-1 0 31 237 178 52
0 0 31 238 208 65
1 0 31 238 208 65
2 0 31 238 208 65
3 0 31 238 208 65
4 0 31 245 226 118
-2 1 31 219 156 21
-1 1 31 237 178 52
0 1 31 237 178 52
1 1 31 238 208 65
2 1 31 238 208 65
3 1 31 238 208 65
4 1 31 238 208 65
-1 2 31 237 178 52
0 2 31 238 208 65
1 2 31 238 208 65
2 2 31 238 208 65
3 2 31 238 208 65
0 3 31 238 208 65
1 3 31 245 226 118
2 3 31 238 208 65
1 -6 32 245 226 118
2 -6 32 238 208 65
0 -5 32 237 194 52
1 -5 32 238 208 65
2 -5 32 245 226 118
3 -5 32 238 208 65
0 -4 32 245 226 118
1 -4 32 238 208 65
2 -4 32 245 226 118
3 -4 32 245 226 118
0 -3 32 245 226 118
1 -3 32 238 208 65
2 -3 32 237 194 52
3 -3 32 245 226 118
0 -2 32 237 178 52
1 -2 32 237 194 52
2 -2 32 238 208 65
3 -2 32 237 194 52
0 -1 32 237 194 52
1 -1 32 237 178 52
2 -1 32 237 194 52
3 -1 32 238 208 65
0 0 32 237 194 52
1 0 32 237 194 52
2 0 32 237 194 52
3 0 32 237 194 52
1 1 32 237 194 52
2 1 32 238 208 65
