ply
format ascii 1.0
comment : MagicaVoxel @ Ephtracy
element vertex 69
property float x
property float y
property float z
property uchar red
property uchar green
property uchar blue
end_header
-2 -2 0 69 36 9
-1 -2 0 69 36 9
-3 -1 0 85 50 12
-2 -1 0 85 50 12
-1 -1 0 69 36 9
0 -1 0 69 36 9
1 -1 0 107 68 17
2 -1 0 85 50 12
3 -1 0 69 36 9
0 0 0 107 68 17
1 0 0 107 68 17
2 0 0 69 36 9
3 0 0 69 36 9
4 0 0 69 36 9
5 0 0 69 36 9
2 1 0 69 36 9
3 1 0 69 36 9
4 1 0 69 36 9
5 1 0 188 136 69
6 1 0 205 158 97
4 2 0 69 36 9
-7 -3 1 107 68 17
-6 -3 1 107 68 17
-5 -3 1 69 36 9
-4 -3 1 69 36 9
-6 -2 1 107 68 17
-5 -2 1 107 68 17
-4 -2 1 107 68 17
-3 -2 1 107 68 17
-2 -2 1 85 50 12
-1 -2 1 85 50 12
0 -2 1 85 50 12
-4 -1 1 85 50 12
-3 -1 1 69 36 9
-2 -1 1 69 36 9
-1 -1 1 69 36 9
0 -1 1 107 68 17
1 -1 1 107 68 17
2 -1 1 69 36 9
3 -1 1 69 36 9
4 -1 1 69 36 9
-2 0 1 107 68 17
-1 0 1 69 36 9
0 0 1 69 36 9
1 0 1 107 68 17
2 0 1 107 68 17
3 0 1 107 68 17
4 0 1 69 36 9
5 0 1 69 36 9
6 0 1 188 136 69
1 1 1 85 50 12
2 1 1 85 50 12
3 1 1 85 50 12
4 1 1 85 50 12
5 1 1 85 50 12
6 1 1 205 158 97
4 2 1 69 36 9
5 2 1 188 136 69
1 -1 2 107 68 17
2 -1 2 85 50 12
3 -1 2 85 50 12
2 0 2 107 68 17
3 0 2 107 68 17
4 0 2 69 36 9
5 0 2 69 36 9
3 1 2 69 36 9
4 1 2 69 36 9
5 1 2 188 136 69
4 2 2 69 36 9
