ply
format ascii 1.0
comment : MagicaVoxel @ Ephtracy
element vertex 3181
property float x
property float y
property float z
property uchar red
property uchar green
property uchar blue
end_header
-2 -1 0 69 36 9
-1 -1 0 69 36 9
-2 0 0 69 36 9
-1 0 0 69 36 9
-2 -2 1 85 50 12
-1 -2 1 69 36 9
-3 -1 1 69 36 9
-2 -1 1 69 36 9
-1 -1 1 205 158 97
0 -1 1 69 36 9
-3 0 1 85 50 12
-2 0 1 205 158 97
-1 0 1 188 136 69
0 0 1 69 36 9
-2 1 1 69 36 9
-1 1 1 85 50 12
-6 -5 2 25 162 48
-5 -5 2 36 139 70
-1 -5 2 69 36 9
0 -5 2 36 139 70
1 -5 2 25 162 48
-6 -4 2 36 139 70
-5 -4 2 36 139 70
-2 -4 2 36 139 70
-1 -4 2 69 36 9
0 -4 2 69 36 9
1 -4 2 36 139 70
2 -4 2 28 83 59
3 -4 2 25 162 48
-5 -3 2 28 83 59
-4 -3 2 28 83 59
-3 -3 2 36 139 70
-2 -3 2 85 50 12
-1 -3 2 85 50 12
0 -3 2 85 50 12
1 -3 2 28 83 59
2 -3 2 36 139 70
3 -3 2 36 139 70
-5 -2 2 36 139 70
-4 -2 2 36 139 70
-3 -2 2 69 36 9
-2 -2 2 107 68 17
-1 -2 2 85 50 12
0 -2 2 85 50 12
-4 -1 2 107 68 17
-3 -1 2 69 36 9
-2 -1 2 69 36 9
-1 -1 2 205 158 97
0 -1 2 107 68 17
-6 0 2 36 139 70
-5 0 2 25 162 48
-4 0 2 36 139 70
-3 0 2 107 68 17
-2 0 2 205 158 97
-1 0 2 188 136 69
0 0 2 69 36 9
-4 1 2 36 139 70
-3 1 2 85 50 12
-2 1 2 85 50 12
-1 1 2 107 68 17
0 1 2 85 50 12
-4 2 2 36 139 70
0 2 2 36 139 70
3 2 2 36 139 70
-6 3 2 36 139 70
-5 3 2 36 139 70
0 3 2 36 139 70
3 3 2 28 83 59
0 -10 3 25 162 48
1 -10 3 25 162 48
-6 -9 3 25 162 48
-5 -9 3 25 162 48
0 -9 3 36 139 70
1 -9 3 25 162 48
2 -9 3 43 107 69
3 -9 3 25 162 48
-6 -8 3 25 162 48
-5 -8 3 36 139 70
-4 -8 3 28 83 59
-3 -8 3 25 162 48
0 -8 3 36 139 70
1 -8 3 36 139 70
2 -8 3 43 107 69
3 -8 3 25 162 48
-6 -7 3 36 139 70
-5 -7 3 36 139 70
-4 -7 3 28 83 59
-3 -7 3 36 139 70
-2 -7 3 25 162 48
0 -7 3 36 139 70
1 -7 3 36 139 70
-6 -6 3 43 107 69
-5 -6 3 28 83 59
-2 -6 3 36 139 70
-1 -6 3 85 50 12
0 -6 3 28 83 59
1 -6 3 43 107 69
-6 -5 3 36 139 70
-5 -5 3 25 162 48
-2 -5 3 85 50 12
-1 -5 3 25 162 48
0 -5 3 25 162 48
1 -5 3 25 162 48
2 -5 3 28 83 59
3 -5 3 28 83 59
-6 -4 3 36 139 70
-5 -4 3 36 139 70
-4 -4 3 36 139 70
-3 -4 3 107 68 17
-2 -4 3 25 162 48
-1 -4 3 25 162 48
0 -4 3 25 162 48
1 -4 3 25 162 48
2 -4 3 25 162 48
3 -4 3 25 162 48
-5 -3 3 43 107 69
-4 -3 3 43 107 69
-3 -3 3 25 162 48
-2 -3 3 25 162 48
-1 -3 3 25 162 48
0 -3 3 25 162 48
1 -3 3 25 162 48
2 -3 3 36 139 70
3 -3 3 25 162 48
-5 -2 3 25 162 48
-4 -2 3 25 162 48
-3 -2 3 85 50 12
-2 -2 3 107 68 17
-1 -2 3 85 50 12
0 -2 3 69 36 9
1 -2 3 85 50 12
-5 -1 3 107 68 17
-4 -1 3 107 68 17
-3 -1 3 69 36 9
-2 -1 3 69 36 9
-1 -1 3 205 158 97
0 -1 3 107 68 17
1 -1 3 107 68 17
-6 0 3 25 162 48
-5 0 3 25 162 48
-4 0 3 25 162 48
-3 0 3 107 68 17
-2 0 3 205 158 97
-1 0 3 188 136 69
0 0 3 85 50 12
1 0 3 85 50 12
2 0 3 36 139 70
3 0 3 25 162 48
-6 1 3 28 83 59
-5 1 3 25 162 48
-4 1 3 25 162 48
-3 1 3 85 50 12
-2 1 3 69 36 9
-1 1 3 107 68 17
0 1 3 85 50 12
1 1 3 85 50 12
2 1 3 36 139 70
-6 2 3 28 83 59
-5 2 3 36 139 70
-4 2 3 25 162 48
-3 2 3 85 50 12
-2 2 3 107 68 17
-1 2 3 107 68 17
0 2 3 25 162 48
1 2 3 69 36 9
2 2 3 69 36 9
3 2 3 25 162 48
-6 3 3 43 107 69
-5 3 3 25 162 48
-4 3 3 85 50 12
-3 3 3 69 36 9
-2 3 3 69 36 9
-1 3 3 85 50 12
0 3 3 25 162 48
1 3 3 36 139 70
3 3 3 43 107 69
-6 4 3 28 83 59
-5 4 3 85 50 12
-4 4 3 85 50 12
-3 4 3 36 139 70
-1 4 3 36 139 70
0 4 3 25 162 48
1 4 3 25 162 48
3 4 3 36 139 70
-2 -10 4 36 139 70
-1 -10 4 43 107 69
0 -10 4 25 162 48
1 -10 4 36 139 70
4 -10 4 43 107 69
5 -10 4 25 162 48
-8 -9 4 36 139 70
-7 -9 4 25 162 48
-4 -9 4 43 107 69
-3 -9 4 28 83 59
-2 -9 4 28 83 59
-1 -9 4 28 83 59
0 -9 4 25 162 48
1 -9 4 25 162 48
2 -9 4 43 107 69
3 -9 4 43 107 69
4 -9 4 43 107 69
5 -9 4 25 162 48
6 -9 4 25 162 48
-8 -8 4 25 162 48
-7 -8 4 25 162 48
-6 -8 4 25 162 48
-5 -8 4 25 162 48
-4 -8 4 43 107 69
-3 -8 4 25 162 48
-2 -8 4 25 162 48
-1 -8 4 85 50 12
0 -8 4 25 162 48
1 -8 4 25 162 48
2 -8 4 25 162 48
3 -8 4 25 162 48
4 -8 4 43 107 69
5 -8 4 43 107 69
-7 -7 4 25 162 48
-6 -7 4 25 162 48
-5 -7 4 25 162 48
-4 -7 4 43 107 69
-3 -7 4 25 162 48
-2 -7 4 25 162 48
-1 -7 4 85 50 12
0 -7 4 25 162 48
1 -7 4 25 162 48
2 -7 4 43 107 69
3 -7 4 43 107 69
4 -7 4 25 162 48
5 -7 4 36 139 70
-7 -6 4 43 107 69
-6 -6 4 25 162 48
-5 -6 4 25 162 48
-4 -6 4 28 83 59
-3 -6 4 107 68 17
-2 -6 4 25 162 48
-1 -6 4 25 162 48
0 -6 4 25 162 48
1 -6 4 25 162 48
2 -6 4 36 139 70
3 -6 4 36 139 70
4 -6 4 36 139 70
5 -6 4 25 162 48
-8 -5 4 36 139 70
-7 -5 4 43 107 69
-6 -5 4 25 162 48
-5 -5 4 25 162 48
-4 -5 4 36 139 70
-3 -5 4 107 68 17
-2 -5 4 25 162 48
-1 -5 4 25 162 48
0 -5 4 25 162 48
1 -5 4 25 162 48
2 -5 4 25 162 48
3 -5 4 25 162 48
4 -5 4 43 107 69
5 -5 4 36 139 70
6 -5 4 36 139 70
-8 -4 4 36 139 70
-7 -4 4 43 107 69
-6 -4 4 25 162 48
-5 -4 4 25 162 48
-4 -4 4 25 162 48
-3 -4 4 107 68 17
-2 -4 4 25 162 48
-1 -4 4 25 162 48
0 -4 4 25 162 48
1 -4 4 25 162 48
2 -4 4 25 162 48
3 -4 4 25 162 48
4 -4 4 28 83 59
5 -4 4 36 139 70
6 -4 4 36 139 70
-8 -3 4 25 162 48
-7 -3 4 36 139 70
-6 -3 4 28 83 59
-5 -3 4 25 162 48
-4 -3 4 25 162 48
-3 -3 4 25 162 48
-2 -3 4 25 162 48
-1 -3 4 25 162 48
0 -3 4 25 162 48
1 -3 4 25 162 48
2 -3 4 36 139 70
3 -3 4 36 139 70
4 -3 4 28 83 59
5 -3 4 28 83 59
6 -3 4 43 107 69
-6 -2 4 85 50 12
-5 -2 4 85 50 12
-4 -2 4 25 162 48
-3 -2 4 107 68 17
-2 -2 4 107 68 17
-1 -2 4 69 36 9
0 -2 4 69 36 9
1 -2 4 107 68 17
-6 -1 4 69 36 9
-5 -1 4 85 50 12
-4 -1 4 25 162 48
-3 -1 4 85 50 12
-2 -1 4 188 136 69
-1 -1 4 205 158 97
0 -1 4 107 68 17
1 -1 4 107 68 17
2 -1 4 107 68 17
3 -1 4 107 68 17
-6 0 4 43 107 69
-5 0 4 25 162 48
-4 0 4 25 162 48
-3 0 4 107 68 17
-2 0 4 205 158 97
-1 0 4 188 136 69
0 0 4 85 50 12
1 0 4 25 162 48
2 0 4 25 162 48
3 0 4 25 162 48
4 0 4 28 83 59
5 0 4 36 139 70
6 0 4 36 139 70
-7 1 4 36 139 70
-6 1 4 25 162 48
-5 1 4 25 162 48
-4 1 4 25 162 48
-3 1 4 69 36 9
-2 1 4 69 36 9
-1 1 4 107 68 17
0 1 4 107 68 17
1 1 4 25 162 48
2 1 4 25 162 48
3 1 4 25 162 48
4 1 4 28 83 59
5 1 4 28 83 59
6 1 4 36 139 70
-7 2 4 36 139 70
-6 2 4 25 162 48
-5 2 4 25 162 48
-4 2 4 25 162 48
-3 2 4 25 162 48
-2 2 4 25 162 48
-1 2 4 25 162 48
0 2 4 25 162 48
1 2 4 25 162 48
2 2 4 69 36 9
3 2 4 25 162 48
4 2 4 25 162 48
5 2 4 28 83 59
-6 3 4 36 139 70
-5 3 4 25 162 48
-4 3 4 25 162 48
-3 3 4 25 162 48
-2 3 4 69 36 9
-1 3 4 25 162 48
0 3 4 25 162 48
1 3 4 25 162 48
2 3 4 69 36 9
3 3 4 43 107 69
4 3 4 43 107 69
5 3 4 43 107 69
6 3 4 25 162 48
-6 4 4 43 107 69
-5 4 4 25 162 48
-4 4 4 25 162 48
-3 4 4 25 162 48
-2 4 4 69 36 9
-1 4 4 25 162 48
0 4 4 25 162 48
1 4 4 25 162 48
2 4 4 69 36 9
3 4 4 36 139 70
4 4 4 36 139 70
5 4 4 25 162 48
6 4 4 25 162 48
-6 5 4 36 139 70
-5 5 4 28 83 59
-4 5 4 36 139 70
-3 5 4 25 162 48
-2 5 4 85 50 12
-1 5 4 107 68 17
0 5 4 25 162 48
1 5 4 36 139 70
2 5 4 85 50 12
3 5 4 28 83 59
4 5 4 28 83 59
5 5 4 36 139 70
-3 6 4 25 162 48
-2 6 4 36 139 70
-1 6 4 107 68 17
0 6 4 28 83 59
1 6 4 28 83 59
2 6 4 28 83 59
3 6 4 36 139 70
-3 7 4 43 107 69
-2 7 4 28 83 59
0 7 4 36 139 70
1 7 4 36 139 70
2 7 4 28 83 59
3 7 4 36 139 70
-5 8 4 36 139 70
-4 8 4 36 139 70
-3 8 4 25 162 48
0 8 4 36 139 70
1 8 4 36 139 70
-2 -10 5 36 139 70
-1 -10 5 36 139 70
-8 -9 5 43 107 69
-7 -9 5 36 139 70
-4 -9 5 43 107 69
-3 -9 5 36 139 70
-2 -9 5 25 162 48
-1 -9 5 25 162 48
0 -9 5 43 107 69
1 -9 5 43 107 69
2 -9 5 36 139 70
3 -9 5 43 107 69
4 -9 5 25 162 48
5 -9 5 25 162 48
6 -9 5 25 162 48
-8 -8 5 43 107 69
-7 -8 5 25 162 48
-6 -8 5 43 107 69
-5 -8 5 43 107 69
-4 -8 5 25 162 48
-3 -8 5 25 162 48
-2 -8 5 25 162 48
-1 -8 5 25 162 48
0 -8 5 25 162 48
1 -8 5 25 162 48
2 -8 5 25 162 48
3 -8 5 25 162 48
4 -8 5 25 162 48
5 -8 5 43 107 69
-6 -7 5 25 162 48
-5 -7 5 25 162 48
-4 -7 5 25 162 48
-3 -7 5 25 162 48
-2 -7 5 25 162 48
-1 -7 5 25 162 48
0 -7 5 25 162 48
1 -7 5 25 162 48
2 -7 5 25 162 48
3 -7 5 25 162 48
4 -7 5 25 162 48
5 -7 5 25 162 48
-6 -6 5 43 107 69
-5 -6 5 25 162 48
-4 -6 5 25 162 48
-3 -6 5 25 162 48
-2 -6 5 25 162 48
-1 -6 5 25 162 48
0 -6 5 25 162 48
1 -6 5 25 162 48
2 -6 5 25 162 48
3 -6 5 25 162 48
4 -6 5 25 162 48
5 -6 5 25 162 48
-8 -5 5 43 107 69
-7 -5 5 43 107 69
-6 -5 5 43 107 69
-5 -5 5 25 162 48
-4 -5 5 25 162 48
-3 -5 5 25 162 48
-2 -5 5 25 162 48
-1 -5 5 25 162 48
0 -5 5 25 162 48
1 -5 5 25 162 48
2 -5 5 25 162 48
3 -5 5 25 162 48
4 -5 5 25 162 48
5 -5 5 25 162 48
6 -5 5 25 162 48
-8 -4 5 43 107 69
-7 -4 5 43 107 69
-6 -4 5 43 107 69
-5 -4 5 25 162 48
-4 -4 5 25 162 48
-3 -4 5 25 162 48
-2 -4 5 25 162 48
-1 -4 5 25 162 48
0 -4 5 25 162 48
1 -4 5 25 162 48
2 -4 5 25 162 48
3 -4 5 25 162 48
4 -4 5 25 162 48
5 -4 5 25 162 48
6 -4 5 36 139 70
-8 -3 5 36 139 70
-7 -3 5 25 162 48
-6 -3 5 25 162 48
-5 -3 5 25 162 48
-4 -3 5 25 162 48
-3 -3 5 25 162 48
-2 -3 5 25 162 48
-1 -3 5 25 162 48
0 -3 5 25 162 48
1 -3 5 25 162 48
2 -3 5 25 162 48
3 -3 5 25 162 48
4 -3 5 25 162 48
5 -3 5 25 162 48
6 -3 5 43 107 69
-8 -2 5 25 162 48
-7 -2 5 25 162 48
-6 -2 5 25 162 48
-5 -2 5 25 162 48
-4 -2 5 25 162 48
-3 -2 5 25 162 48
-2 -2 5 25 162 48
-1 -2 5 25 162 48
0 -2 5 25 162 48
1 -2 5 107 68 17
2 -2 5 85 50 12
3 -2 5 69 36 9
4 -2 5 69 36 9
5 -2 5 107 68 17
6 -2 5 85 50 12
-8 -1 5 28 83 59
-7 -1 5 69 36 9
-6 -1 5 69 36 9
-5 -1 5 25 162 48
-4 -1 5 25 162 48
-3 -1 5 25 162 48
-2 -1 5 25 162 48
-1 -1 5 25 162 48
0 -1 5 85 50 12
1 -1 5 25 162 48
2 -1 5 85 50 12
3 -1 5 85 50 12
4 -1 5 85 50 12
-8 0 5 36 139 70
-7 0 5 28 83 59
-6 0 5 25 162 48
-5 0 5 25 162 48
-4 0 5 25 162 48
-3 0 5 25 162 48
-2 0 5 25 162 48
-1 0 5 25 162 48
0 0 5 25 162 48
1 0 5 25 162 48
2 0 5 25 162 48
3 0 5 25 162 48
4 0 5 25 162 48
5 0 5 25 162 48
6 0 5 25 162 48
-7 1 5 25 162 48
-6 1 5 25 162 48
-5 1 5 25 162 48
-4 1 5 25 162 48
-3 1 5 25 162 48
-2 1 5 25 162 48
-1 1 5 25 162 48
0 1 5 25 162 48
1 1 5 25 162 48
2 1 5 25 162 48
3 1 5 25 162 48
4 1 5 25 162 48
5 1 5 25 162 48
6 1 5 36 139 70
-7 2 5 25 162 48
-6 2 5 25 162 48
-5 2 5 25 162 48
-4 2 5 25 162 48
-3 2 5 25 162 48
-2 2 5 25 162 48
-1 2 5 25 162 48
0 2 5 25 162 48
1 2 5 25 162 48
2 2 5 25 162 48
3 2 5 25 162 48
4 2 5 25 162 48
5 2 5 36 139 70
-6 3 5 36 139 70
-5 3 5 25 162 48
-4 3 5 25 162 48
-3 3 5 25 162 48
-2 3 5 25 162 48
-1 3 5 25 162 48
0 3 5 25 162 48
1 3 5 25 162 48
2 3 5 25 162 48
3 3 5 25 162 48
4 3 5 25 162 48
5 3 5 25 162 48
6 3 5 25 162 48
-5 4 5 43 107 69
-4 4 5 25 162 48
-3 4 5 25 162 48
-2 4 5 25 162 48
-1 4 5 25 162 48
0 4 5 25 162 48
1 4 5 25 162 48
2 4 5 25 162 48
3 4 5 25 162 48
4 4 5 25 162 48
5 4 5 25 162 48
6 4 5 71 187 46
-5 5 5 43 107 69
-4 5 5 25 162 48
-3 5 5 25 162 48
-2 5 5 25 162 48
-1 5 5 25 162 48
0 5 5 25 162 48
1 5 5 25 162 48
2 5 5 25 162 48
3 5 5 25 162 48
4 5 5 43 107 69
5 5 5 43 107 69
-5 6 5 28 83 59
-4 6 5 36 139 70
-3 6 5 25 162 48
-2 6 5 25 162 48
-1 6 5 25 162 48
0 6 5 25 162 48
1 6 5 25 162 48
2 6 5 25 162 48
3 6 5 25 162 48
4 6 5 28 83 59
5 6 5 36 139 70
6 6 5 25 162 48
-5 7 5 43 107 69
-4 7 5 43 107 69
-3 7 5 43 107 69
-2 7 5 36 139 70
-1 7 5 28 83 59
0 7 5 25 162 48
1 7 5 25 162 48
2 7 5 43 107 69
3 7 5 36 139 70
4 7 5 43 107 69
5 7 5 36 139 70
6 7 5 25 162 48
-5 8 5 25 162 48
-4 8 5 25 162 48
0 8 5 36 139 70
1 8 5 25 162 48
-6 -10 6 25 162 48
-5 -10 6 25 162 48
-3 -10 6 25 162 48
-2 -10 6 25 162 48
-1 -10 6 36 139 70
1 -10 6 25 162 48
2 -10 6 36 139 70
7 -10 6 71 187 46
-9 -9 6 36 139 70
-8 -9 6 36 139 70
-7 -9 6 43 107 69
-6 -9 6 25 162 48
-5 -9 6 25 162 48
-4 -9 6 25 162 48
-3 -9 6 25 162 48
-2 -9 6 25 162 48
-1 -9 6 25 162 48
0 -9 6 43 107 69
1 -9 6 25 162 48
2 -9 6 36 139 70
3 -9 6 43 107 69
4 -9 6 43 107 69
5 -9 6 43 107 69
6 -9 6 71 187 46
7 -9 6 25 162 48
-9 -8 6 36 139 70
-8 -8 6 36 139 70
-7 -8 6 43 107 69
-6 -8 6 25 162 48
-5 -8 6 25 162 48
-4 -8 6 25 162 48
-3 -8 6 25 162 48
-2 -8 6 25 162 48
-1 -8 6 25 162 48
0 -8 6 25 162 48
1 -8 6 25 162 48
2 -8 6 25 162 48
3 -8 6 25 162 48
4 -8 6 25 162 48
5 -8 6 25 162 48
6 -8 6 43 107 69
-6 -7 6 25 162 48
-5 -7 6 25 162 48
-4 -7 6 25 162 48
-3 -7 6 25 162 48
-2 -7 6 25 162 48
-1 -7 6 25 162 48
0 -7 6 25 162 48
1 -7 6 25 162 48
2 -7 6 25 162 48
3 -7 6 25 162 48
4 -7 6 25 162 48
5 -7 6 25 162 48
6 -7 6 25 162 48
-6 -6 6 43 107 69
-5 -6 6 25 162 48
-4 -6 6 25 162 48
-3 -6 6 25 162 48
-2 -6 6 25 162 48
-1 -6 6 25 162 48
0 -6 6 25 162 48
1 -6 6 25 162 48
2 -6 6 25 162 48
3 -6 6 25 162 48
4 -6 6 25 162 48
5 -6 6 25 162 48
6 -6 6 25 162 48
7 -6 6 25 162 48
-9 -5 6 36 139 70
-8 -5 6 36 139 70
-7 -5 6 36 139 70
-6 -5 6 25 162 48
-5 -5 6 25 162 48
-4 -5 6 25 162 48
-3 -5 6 25 162 48
-2 -5 6 25 162 48
-1 -5 6 25 162 48
0 -5 6 25 162 48
1 -5 6 25 162 48
2 -5 6 25 162 48
3 -5 6 25 162 48
4 -5 6 25 162 48
5 -5 6 25 162 48
6 -5 6 25 162 48
7 -5 6 25 162 48
-9 -4 6 43 107 69
-8 -4 6 25 162 48
-7 -4 6 25 162 48
-6 -4 6 25 162 48
-5 -4 6 25 162 48
-4 -4 6 25 162 48
-3 -4 6 25 162 48
-2 -4 6 25 162 48
-1 -4 6 25 162 48
0 -4 6 25 162 48
1 -4 6 25 162 48
2 -4 6 25 162 48
3 -4 6 25 162 48
4 -4 6 25 162 48
5 -4 6 25 162 48
6 -4 6 25 162 48
7 -4 6 25 162 48
-9 -3 6 43 107 69
-8 -3 6 25 162 48
-7 -3 6 25 162 48
-6 -3 6 25 162 48
-5 -3 6 25 162 48
-4 -3 6 25 162 48
-3 -3 6 25 162 48
-2 -3 6 25 162 48
-1 -3 6 25 162 48
0 -3 6 25 162 48
1 -3 6 25 162 48
2 -3 6 25 162 48
3 -3 6 25 162 48
4 -3 6 25 162 48
5 -3 6 25 162 48
6 -3 6 43 107 69
7 -3 6 43 107 69
-9 -2 6 43 107 69
-8 -2 6 25 162 48
-7 -2 6 25 162 48
-6 -2 6 25 162 48
-5 -2 6 25 162 48
-4 -2 6 25 162 48
-3 -2 6 25 162 48
-2 -2 6 25 162 48
-1 -2 6 25 162 48
0 -2 6 25 162 48
1 -2 6 25 162 48
2 -2 6 25 162 48
3 -2 6 25 162 48
4 -2 6 25 162 48
5 -2 6 25 162 48
6 -2 6 25 162 48
7 -2 6 36 139 70
-9 -1 6 43 107 69
-8 -1 6 25 162 48
-7 -1 6 25 162 48
-6 -1 6 25 162 48
-5 -1 6 25 162 48
-4 -1 6 25 162 48
-3 -1 6 25 162 48
-2 -1 6 25 162 48
-1 -1 6 25 162 48
0 -1 6 85 50 12
1 -1 6 25 162 48
2 -1 6 25 162 48
3 -1 6 25 162 48
4 -1 6 25 162 48
5 -1 6 25 162 48
6 -1 6 25 162 48
7 -1 6 25 162 48
-9 0 6 36 139 70
-8 0 6 36 139 70
-7 0 6 25 162 48
-6 0 6 25 162 48
-5 0 6 25 162 48
-4 0 6 25 162 48
-3 0 6 25 162 48
-2 0 6 25 162 48
-1 0 6 25 162 48
0 0 6 25 162 48
1 0 6 25 162 48
2 0 6 25 162 48
3 0 6 25 162 48
4 0 6 25 162 48
5 0 6 25 162 48
6 0 6 25 162 48
7 0 6 71 187 46
-9 1 6 43 107 69
-8 1 6 25 162 48
-7 1 6 25 162 48
-6 1 6 25 162 48
-5 1 6 25 162 48
-4 1 6 25 162 48
-3 1 6 25 162 48
-2 1 6 25 162 48
-1 1 6 25 162 48
0 1 6 25 162 48
1 1 6 25 162 48
2 1 6 25 162 48
3 1 6 25 162 48
4 1 6 25 162 48
5 1 6 25 162 48
6 1 6 25 162 48
7 1 6 71 187 46
-9 2 6 43 107 69
-8 2 6 25 162 48
-7 2 6 25 162 48
-6 2 6 25 162 48
-5 2 6 25 162 48
-4 2 6 25 162 48
-3 2 6 25 162 48
-2 2 6 25 162 48
-1 2 6 25 162 48
0 2 6 25 162 48
1 2 6 25 162 48
2 2 6 25 162 48
3 2 6 25 162 48
4 2 6 25 162 48
5 2 6 36 139 70
6 2 6 36 139 70
-8 3 6 36 139 70
-7 3 6 36 139 70
-6 3 6 36 139 70
-5 3 6 25 162 48
-4 3 6 25 162 48
-3 3 6 25 162 48
-2 3 6 25 162 48
-1 3 6 25 162 48
0 3 6 25 162 48
1 3 6 25 162 48
2 3 6 25 162 48
3 3 6 25 162 48
4 3 6 25 162 48
5 3 6 25 162 48
6 3 6 71 187 46
-5 4 6 43 107 69
-4 4 6 25 162 48
-3 4 6 25 162 48
-2 4 6 25 162 48
-1 4 6 25 162 48
0 4 6 25 162 48
1 4 6 25 162 48
2 4 6 25 162 48
3 4 6 25 162 48
4 4 6 25 162 48
5 4 6 25 162 48
6 4 6 71 187 46
-5 5 6 43 107 69
-4 5 6 25 162 48
-3 5 6 25 162 48
-2 5 6 25 162 48
-1 5 6 25 162 48
0 5 6 25 162 48
1 5 6 25 162 48
2 5 6 25 162 48
3 5 6 25 162 48
4 5 6 25 162 48
5 5 6 25 162 48
6 5 6 43 107 69
-5 6 6 43 107 69
-4 6 6 25 162 48
-3 6 6 25 162 48
-2 6 6 25 162 48
-1 6 6 25 162 48
0 6 6 25 162 48
1 6 6 25 162 48
2 6 6 25 162 48
3 6 6 25 162 48
4 6 6 25 162 48
5 6 6 25 162 48
6 6 6 25 162 48
7 6 6 25 162 48
-5 7 6 36 139 70
-4 7 6 71 187 46
-3 7 6 43 107 69
-2 7 6 36 139 70
-1 7 6 43 107 69
0 7 6 25 162 48
1 7 6 25 162 48
2 7 6 43 107 69
3 7 6 25 162 48
4 7 6 25 162 48
5 7 6 25 162 48
6 7 6 36 139 70
7 7 6 25 162 48
-5 8 6 25 162 48
-4 8 6 71 187 46
3 8 6 25 162 48
4 8 6 25 162 48
5 8 6 25 162 48
-6 -10 7 36 139 70
-5 -10 7 71 187 46
-3 -10 7 71 187 46
-2 -10 7 71 187 46
-1 -10 7 36 139 70
1 -10 7 71 187 46
2 -10 7 71 187 46
3 -10 7 43 107 69
4 -10 7 36 139 70
5 -10 7 36 139 70
7 -10 7 71 187 46
-9 -9 7 25 162 48
-8 -9 7 36 139 70
-6 -9 7 25 162 48
-5 -9 7 25 162 48
-4 -9 7 25 162 48
-3 -9 7 25 162 48
-2 -9 7 25 162 48
-1 -9 7 25 162 48
0 -9 7 43 107 69
1 -9 7 36 139 70
2 -9 7 25 162 48
3 -9 7 25 162 48
4 -9 7 25 162 48
5 -9 7 25 162 48
6 -9 7 43 107 69
7 -9 7 43 107 69
-9 -8 7 36 139 70
-8 -8 7 36 139 70
-7 -8 7 43 107 69
-6 -8 7 25 162 48
-5 -8 7 25 162 48
-4 -8 7 25 162 48
-3 -8 7 25 162 48
-2 -8 7 25 162 48
-1 -8 7 25 162 48
0 -8 7 25 162 48
1 -8 7 25 162 48
2 -8 7 25 162 48
3 -8 7 25 162 48
4 -8 7 25 162 48
5 -8 7 25 162 48
6 -8 7 43 107 69
-7 -7 7 43 107 69
-6 -7 7 25 162 48
-5 -7 7 25 162 48
-4 -7 7 25 162 48
-3 -7 7 25 162 48
-2 -7 7 25 162 48
-1 -7 7 25 162 48
0 -7 7 25 162 48
1 -7 7 25 162 48
2 -7 7 25 162 48
3 -7 7 25 162 48
4 -7 7 25 162 48
5 -7 7 25 162 48
6 -7 7 43 107 69
-7 -6 7 36 139 70
-6 -6 7 25 162 48
-5 -6 7 25 162 48
-4 -6 7 25 162 48
-3 -6 7 25 162 48
-2 -6 7 25 162 48
-1 -6 7 25 162 48
0 -6 7 25 162 48
1 -6 7 25 162 48
2 -6 7 25 162 48
3 -6 7 25 162 48
4 -6 7 25 162 48
5 -6 7 25 162 48
6 -6 7 25 162 48
7 -6 7 43 107 69
-10 -5 7 36 139 70
-9 -5 7 36 139 70
-8 -5 7 36 139 70
-7 -5 7 25 162 48
-6 -5 7 25 162 48
-5 -5 7 25 162 48
-4 -5 7 25 162 48
-3 -5 7 25 162 48
-2 -5 7 25 162 48
-1 -5 7 25 162 48
0 -5 7 25 162 48
1 -5 7 25 162 48
2 -5 7 25 162 48
3 -5 7 25 162 48
4 -5 7 25 162 48
5 -5 7 25 162 48
6 -5 7 25 162 48
7 -5 7 36 139 70
-10 -4 7 43 107 69
-9 -4 7 25 162 48
-8 -4 7 25 162 48
-7 -4 7 25 162 48
-6 -4 7 25 162 48
-5 -4 7 25 162 48
-4 -4 7 25 162 48
-3 -4 7 25 162 48
-2 -4 7 25 162 48
-1 -4 7 25 162 48
0 -4 7 25 162 48
1 -4 7 25 162 48
2 -4 7 25 162 48
3 -4 7 25 162 48
4 -4 7 25 162 48
5 -4 7 25 162 48
6 -4 7 25 162 48
7 -4 7 25 162 48
-10 -3 7 25 162 48
-9 -3 7 25 162 48
-8 -3 7 25 162 48
-7 -3 7 25 162 48
-6 -3 7 25 162 48
-5 -3 7 25 162 48
-4 -3 7 25 162 48
-3 -3 7 25 162 48
-2 -3 7 25 162 48
-1 -3 7 25 162 48
0 -3 7 25 162 48
1 -3 7 25 162 48
2 -3 7 25 162 48
3 -3 7 25 162 48
4 -3 7 25 162 48
5 -3 7 25 162 48
6 -3 7 43 107 69
7 -3 7 43 107 69
-10 -2 7 25 162 48
-9 -2 7 25 162 48
-8 -2 7 25 162 48
-7 -2 7 25 162 48
-6 -2 7 25 162 48
-5 -2 7 25 162 48
-4 -2 7 25 162 48
-3 -2 7 25 162 48
-2 -2 7 25 162 48
-1 -2 7 25 162 48
0 -2 7 25 162 48
1 -2 7 25 162 48
2 -2 7 25 162 48
3 -2 7 25 162 48
4 -2 7 25 162 48
5 -2 7 25 162 48
6 -2 7 25 162 48
7 -2 7 36 139 70
-9 -1 7 36 139 70
-8 -1 7 36 139 70
-7 -1 7 25 162 48
-6 -1 7 25 162 48
-5 -1 7 25 162 48
-4 -1 7 25 162 48
-3 -1 7 25 162 48
-2 -1 7 25 162 48
-1 -1 7 25 162 48
0 -1 7 25 162 48
1 -1 7 25 162 48
2 -1 7 25 162 48
3 -1 7 25 162 48
4 -1 7 25 162 48
5 -1 7 25 162 48
6 -1 7 25 162 48
7 -1 7 43 107 69
-9 0 7 25 162 48
-8 0 7 25 162 48
-7 0 7 25 162 48
-6 0 7 25 162 48
-5 0 7 25 162 48
-4 0 7 25 162 48
-3 0 7 25 162 48
-2 0 7 25 162 48
-1 0 7 25 162 48
0 0 7 25 162 48
1 0 7 25 162 48
2 0 7 25 162 48
3 0 7 25 162 48
4 0 7 25 162 48
5 0 7 25 162 48
6 0 7 25 162 48
7 0 7 43 107 69
-10 1 7 25 162 48
-9 1 7 25 162 48
-8 1 7 25 162 48
-7 1 7 25 162 48
-6 1 7 25 162 48
-5 1 7 25 162 48
-4 1 7 25 162 48
-3 1 7 25 162 48
-2 1 7 25 162 48
-1 1 7 25 162 48
0 1 7 25 162 48
1 1 7 25 162 48
2 1 7 25 162 48
3 1 7 25 162 48
4 1 7 25 162 48
5 1 7 25 162 48
6 1 7 25 162 48
7 1 7 36 139 70
-10 2 7 25 162 48
-9 2 7 25 162 48
-8 2 7 25 162 48
-7 2 7 25 162 48
-6 2 7 25 162 48
-5 2 7 25 162 48
-4 2 7 25 162 48
-3 2 7 25 162 48
-2 2 7 25 162 48
-1 2 7 25 162 48
0 2 7 25 162 48
1 2 7 25 162 48
2 2 7 25 162 48
3 2 7 25 162 48
4 2 7 25 162 48
5 2 7 25 162 48
6 2 7 25 162 48
7 2 7 43 107 69
-8 3 7 43 107 69
-7 3 7 25 162 48
-6 3 7 25 162 48
-5 3 7 25 162 48
-4 3 7 25 162 48
-3 3 7 25 162 48
-2 3 7 25 162 48
-1 3 7 25 162 48
0 3 7 25 162 48
1 3 7 25 162 48
2 3 7 25 162 48
3 3 7 25 162 48
4 3 7 25 162 48
5 3 7 25 162 48
6 3 7 25 162 48
7 3 7 43 107 69
-8 4 7 43 107 69
-7 4 7 28 83 59
-6 4 7 43 107 69
-5 4 7 25 162 48
-4 4 7 25 162 48
-3 4 7 25 162 48
-2 4 7 25 162 48
-1 4 7 25 162 48
0 4 7 25 162 48
1 4 7 25 162 48
2 4 7 25 162 48
3 4 7 25 162 48
4 4 7 25 162 48
5 4 7 25 162 48
6 4 7 36 139 70
-8 5 7 25 162 48
-7 5 7 25 162 48
-6 5 7 25 162 48
-5 5 7 25 162 48
-4 5 7 25 162 48
-3 5 7 25 162 48
-2 5 7 25 162 48
-1 5 7 25 162 48
0 5 7 25 162 48
1 5 7 25 162 48
2 5 7 25 162 48
3 5 7 25 162 48
4 5 7 25 162 48
5 5 7 25 162 48
6 5 7 43 107 69
-8 6 7 36 139 70
-7 6 7 25 162 48
-6 6 7 25 162 48
-5 6 7 43 107 69
-4 6 7 43 107 69
-3 6 7 25 162 48
-2 6 7 25 162 48
-1 6 7 25 162 48
0 6 7 25 162 48
1 6 7 25 162 48
2 6 7 25 162 48
3 6 7 25 162 48
4 6 7 25 162 48
5 6 7 25 162 48
6 6 7 43 107 69
7 6 7 25 162 48
-3 7 7 25 162 48
-2 7 7 25 162 48
-1 7 7 43 107 69
0 7 7 25 162 48
1 7 7 25 162 48
2 7 7 43 107 69
3 7 7 25 162 48
4 7 7 25 162 48
5 7 7 25 162 48
0 8 7 25 162 48
1 8 7 36 139 70
3 8 7 36 139 70
4 8 7 71 187 46
5 8 7 71 187 46
-6 -10 8 36 139 70
-5 -10 8 36 139 70
3 -10 8 43 107 69
4 -10 8 25 162 48
5 -10 8 36 139 70
-10 -9 8 25 162 48
-9 -9 8 71 187 46
-8 -9 8 25 162 48
-6 -9 8 43 107 69
-5 -9 8 36 139 70
-4 -9 8 36 139 70
-3 -9 8 43 107 69
-2 -9 8 43 107 69
-1 -9 8 43 107 69
0 -9 8 36 139 70
3 -9 8 43 107 69
4 -9 8 25 162 48
5 -9 8 43 107 69
-10 -8 8 25 162 48
-9 -8 8 25 162 48
-8 -8 8 25 162 48
-7 -8 8 43 107 69
-6 -8 8 25 162 48
-5 -8 8 25 162 48
-4 -8 8 25 162 48
-3 -8 8 25 162 48
-2 -8 8 43 107 69
-1 -8 8 25 162 48
0 -8 8 36 139 70
1 -8 8 36 139 70
2 -8 8 43 107 69
3 -8 8 25 162 48
4 -8 8 25 162 48
5 -8 8 25 162 48
6 -8 8 25 162 48
7 -8 8 25 162 48
8 -8 8 36 139 70
-9 -7 8 36 139 70
-8 -7 8 36 139 70
-7 -7 8 25 162 48
-6 -7 8 25 162 48
-5 -7 8 25 162 48
-4 -7 8 25 162 48
-3 -7 8 25 162 48
-2 -7 8 25 162 48
-1 -7 8 25 162 48
0 -7 8 25 162 48
1 -7 8 25 162 48
2 -7 8 25 162 48
3 -7 8 25 162 48
4 -7 8 25 162 48
5 -7 8 25 162 48
6 -7 8 25 162 48
7 -7 8 25 162 48
8 -7 8 36 139 70
-9 -6 8 43 107 69
-8 -6 8 43 107 69
-7 -6 8 43 107 69
-6 -6 8 25 162 48
-5 -6 8 25 162 48
-4 -6 8 25 162 48
-3 -6 8 25 162 48
-2 -6 8 25 162 48
-1 -6 8 25 162 48
0 -6 8 25 162 48
1 -6 8 25 162 48
2 -6 8 25 162 48
3 -6 8 25 162 48
4 -6 8 25 162 48
5 -6 8 25 162 48
6 -6 8 25 162 48
7 -6 8 43 107 69
-10 -5 8 36 139 70
-9 -5 8 25 162 48
-8 -5 8 25 162 48
-7 -5 8 25 162 48
-6 -5 8 25 162 48
-5 -5 8 25 162 48
-4 -5 8 25 162 48
-3 -5 8 25 162 48
-2 -5 8 25 162 48
-1 -5 8 25 162 48
0 -5 8 25 162 48
1 -5 8 25 162 48
2 -5 8 25 162 48
3 -5 8 25 162 48
4 -5 8 25 162 48
5 -5 8 25 162 48
6 -5 8 25 162 48
7 -5 8 43 107 69
-10 -4 8 25 162 48
-9 -4 8 25 162 48
-8 -4 8 25 162 48
-7 -4 8 25 162 48
-6 -4 8 25 162 48
-5 -4 8 25 162 48
-4 -4 8 25 162 48
-3 -4 8 25 162 48
-2 -4 8 25 162 48
-1 -4 8 25 162 48
0 -4 8 25 162 48
1 -4 8 25 162 48
2 -4 8 25 162 48
3 -4 8 25 162 48
4 -4 8 25 162 48
5 -4 8 25 162 48
6 -4 8 25 162 48
7 -4 8 36 139 70
-10 -3 8 43 107 69
-9 -3 8 25 162 48
-8 -3 8 25 162 48
-7 -3 8 25 162 48
-6 -3 8 25 162 48
-5 -3 8 25 162 48
-4 -3 8 25 162 48
-3 -3 8 25 162 48
-2 -3 8 25 162 48
-1 -3 8 25 162 48
0 -3 8 25 162 48
1 -3 8 25 162 48
2 -3 8 25 162 48
3 -3 8 25 162 48
4 -3 8 25 162 48
5 -3 8 25 162 48
6 -3 8 43 107 69
-10 -2 8 25 162 48
-9 -2 8 25 162 48
-8 -2 8 25 162 48
-7 -2 8 25 162 48
-6 -2 8 25 162 48
-5 -2 8 25 162 48
-4 -2 8 25 162 48
-3 -2 8 25 162 48
-2 -2 8 25 162 48
-1 -2 8 25 162 48
0 -2 8 25 162 48
1 -2 8 25 162 48
2 -2 8 25 162 48
3 -2 8 25 162 48
4 -2 8 25 162 48
5 -2 8 25 162 48
6 -2 8 43 107 69
-8 -1 8 36 139 70
-7 -1 8 25 162 48
-6 -1 8 25 162 48
-5 -1 8 25 162 48
-4 -1 8 25 162 48
-3 -1 8 25 162 48
-2 -1 8 25 162 48
-1 -1 8 25 162 48
0 -1 8 25 162 48
1 -1 8 25 162 48
2 -1 8 25 162 48
3 -1 8 25 162 48
4 -1 8 25 162 48
5 -1 8 25 162 48
6 -1 8 25 162 48
7 -1 8 25 162 48
8 -1 8 25 162 48
-8 0 8 25 162 48
-7 0 8 25 162 48
-6 0 8 25 162 48
-5 0 8 25 162 48
-4 0 8 25 162 48
-3 0 8 25 162 48
-2 0 8 25 162 48
-1 0 8 25 162 48
0 0 8 25 162 48
1 0 8 25 162 48
2 0 8 25 162 48
3 0 8 25 162 48
4 0 8 25 162 48
5 0 8 25 162 48
6 0 8 25 162 48
7 0 8 25 162 48
8 0 8 25 162 48
-10 1 8 71 187 46
-9 1 8 25 162 48
-8 1 8 25 162 48
-7 1 8 25 162 48
-6 1 8 25 162 48
-5 1 8 25 162 48
-4 1 8 25 162 48
-3 1 8 25 162 48
-2 1 8 25 162 48
-1 1 8 25 162 48
0 1 8 25 162 48
1 1 8 25 162 48
2 1 8 25 162 48
3 1 8 25 162 48
4 1 8 25 162 48
5 1 8 25 162 48
6 1 8 25 162 48
7 1 8 43 107 69
8 1 8 36 139 70
-10 2 8 71 187 46
-9 2 8 25 162 48
-8 2 8 25 162 48
-7 2 8 25 162 48
-6 2 8 25 162 48
-5 2 8 25 162 48
-4 2 8 25 162 48
-3 2 8 25 162 48
-2 2 8 25 162 48
-1 2 8 25 162 48
0 2 8 25 162 48
1 2 8 25 162 48
2 2 8 25 162 48
3 2 8 25 162 48
4 2 8 25 162 48
5 2 8 25 162 48
6 2 8 25 162 48
7 2 8 25 162 48
8 2 8 25 162 48
-9 3 8 43 107 69
-8 3 8 25 162 48
-7 3 8 25 162 48
-6 3 8 25 162 48
-5 3 8 25 162 48
-4 3 8 25 162 48
-3 3 8 25 162 48
-2 3 8 25 162 48
-1 3 8 25 162 48
0 3 8 25 162 48
1 3 8 25 162 48
2 3 8 25 162 48
3 3 8 25 162 48
4 3 8 25 162 48
5 3 8 25 162 48
6 3 8 25 162 48
7 3 8 25 162 48
8 3 8 25 162 48
-9 4 8 36 139 70
-8 4 8 25 162 48
-7 4 8 25 162 48
-6 4 8 25 162 48
-5 4 8 25 162 48
-4 4 8 25 162 48
-3 4 8 25 162 48
-2 4 8 25 162 48
-1 4 8 25 162 48
0 4 8 25 162 48
1 4 8 25 162 48
2 4 8 25 162 48
3 4 8 25 162 48
4 4 8 25 162 48
5 4 8 25 162 48
6 4 8 43 107 69
-8 5 8 43 107 69
-7 5 8 25 162 48
-6 5 8 25 162 48
-5 5 8 25 162 48
-4 5 8 25 162 48
-3 5 8 25 162 48
-2 5 8 25 162 48
-1 5 8 25 162 48
0 5 8 25 162 48
1 5 8 25 162 48
2 5 8 25 162 48
3 5 8 25 162 48
4 5 8 25 162 48
5 5 8 25 162 48
6 5 8 25 162 48
-8 6 8 43 107 69
-7 6 8 25 162 48
-6 6 8 25 162 48
-5 6 8 43 107 69
-4 6 8 25 162 48
-3 6 8 71 187 46
-2 6 8 25 162 48
-1 6 8 25 162 48
0 6 8 25 162 48
1 6 8 25 162 48
2 6 8 43 107 69
3 6 8 25 162 48
4 6 8 25 162 48
5 6 8 25 162 48
6 6 8 43 107 69
7 6 8 25 162 48
8 6 8 25 162 48
-7 7 8 36 139 70
-6 7 8 25 162 48
-3 7 8 71 187 46
-2 7 8 25 162 48
-1 7 8 43 107 69
0 7 8 43 107 69
1 7 8 43 107 69
2 7 8 43 107 69
3 7 8 36 139 70
4 7 8 43 107 69
5 7 8 43 107 69
7 7 8 25 162 48
8 7 8 71 187 46
-10 -9 9 71 187 46
-9 -9 9 71 187 46
-8 -9 9 25 162 48
-5 -9 9 43 107 69
-4 -9 9 43 107 69
-1 -9 9 71 187 46
0 -9 9 25 162 48
3 -9 9 25 162 48
4 -9 9 36 139 70
5 -9 9 43 107 69
-10 -8 9 71 187 46
-9 -8 9 25 162 48
-8 -8 9 25 162 48
-7 -8 9 25 162 48
-6 -8 9 25 162 48
-5 -8 9 25 162 48
-4 -8 9 25 162 48
-3 -8 9 36 139 70
-2 -8 9 43 107 69
-1 -8 9 25 162 48
0 -8 9 25 162 48
1 -8 9 36 139 70
2 -8 9 43 107 69
3 -8 9 25 162 48
4 -8 9 25 162 48
5 -8 9 25 162 48
6 -8 9 36 139 70
7 -8 9 25 162 48
8 -8 9 25 162 48
-9 -7 9 25 162 48
-8 -7 9 25 162 48
-7 -7 9 25 162 48
-6 -7 9 25 162 48
-5 -7 9 25 162 48
-4 -7 9 25 162 48
-3 -7 9 25 162 48
-2 -7 9 25 162 48
-1 -7 9 25 162 48
0 -7 9 25 162 48
1 -7 9 25 162 48
2 -7 9 25 162 48
3 -7 9 25 162 48
4 -7 9 25 162 48
5 -7 9 25 162 48
6 -7 9 25 162 48
7 -7 9 25 162 48
8 -7 9 36 139 70
-9 -6 9 43 107 69
-8 -6 9 25 162 48
-7 -6 9 25 162 48
-6 -6 9 25 162 48
-5 -6 9 25 162 48
-4 -6 9 25 162 48
-3 -6 9 25 162 48
-2 -6 9 25 162 48
-1 -6 9 25 162 48
0 -6 9 25 162 48
1 -6 9 25 162 48
2 -6 9 25 162 48
3 -6 9 25 162 48
4 -6 9 25 162 48
5 -6 9 25 162 48
6 -6 9 25 162 48
7 -6 9 25 162 48
8 -6 9 36 139 70
-10 -5 9 25 162 48
-9 -5 9 25 162 48
-8 -5 9 25 162 48
-7 -5 9 25 162 48
-6 -5 9 25 162 48
-5 -5 9 25 162 48
-4 -5 9 25 162 48
-3 -5 9 25 162 48
-2 -5 9 25 162 48
-1 -5 9 25 162 48
0 -5 9 25 162 48
1 -5 9 25 162 48
2 -5 9 25 162 48
3 -5 9 25 162 48
4 -5 9 25 162 48
5 -5 9 25 162 48
6 -5 9 25 162 48
7 -5 9 25 162 48
8 -5 9 36 139 70
-10 -4 9 71 187 46
-9 -4 9 25 162 48
-8 -4 9 25 162 48
-7 -4 9 25 162 48
-6 -4 9 25 162 48
-5 -4 9 25 162 48
-4 -4 9 25 162 48
-3 -4 9 25 162 48
-2 -4 9 25 162 48
-1 -4 9 25 162 48
0 -4 9 25 162 48
1 -4 9 25 162 48
2 -4 9 25 162 48
3 -4 9 25 162 48
4 -4 9 25 162 48
5 -4 9 25 162 48
6 -4 9 25 162 48
7 -4 9 36 139 70
8 -4 9 43 107 69
-9 -3 9 43 107 69
-8 -3 9 25 162 48
-7 -3 9 25 162 48
-6 -3 9 25 162 48
-5 -3 9 25 162 48
-4 -3 9 25 162 48
-3 -3 9 25 162 48
-2 -3 9 25 162 48
-1 -3 9 25 162 48
0 -3 9 25 162 48
1 -3 9 25 162 48
2 -3 9 25 162 48
3 -3 9 25 162 48
4 -3 9 25 162 48
5 -3 9 25 162 48
6 -3 9 36 139 70
-9 -2 9 43 107 69
-8 -2 9 25 162 48
-7 -2 9 25 162 48
-6 -2 9 25 162 48
-5 -2 9 25 162 48
-4 -2 9 25 162 48
-3 -2 9 25 162 48
-2 -2 9 25 162 48
-1 -2 9 25 162 48
0 -2 9 25 162 48
1 -2 9 25 162 48
2 -2 9 25 162 48
3 -2 9 25 162 48
4 -2 9 25 162 48
5 -2 9 25 162 48
6 -2 9 36 139 70
-8 -1 9 36 139 70
-7 -1 9 25 162 48
-6 -1 9 25 162 48
-5 -1 9 25 162 48
-4 -1 9 25 162 48
-3 -1 9 25 162 48
-2 -1 9 25 162 48
-1 -1 9 25 162 48
0 -1 9 25 162 48
1 -1 9 25 162 48
2 -1 9 25 162 48
3 -1 9 25 162 48
4 -1 9 25 162 48
5 -1 9 25 162 48
6 -1 9 25 162 48
7 -1 9 25 162 48
8 -1 9 25 162 48
-8 0 9 71 187 46
-7 0 9 25 162 48
-6 0 9 25 162 48
-5 0 9 25 162 48
-4 0 9 25 162 48
-3 0 9 25 162 48
-2 0 9 25 162 48
-1 0 9 25 162 48
0 0 9 25 162 48
1 0 9 25 162 48
2 0 9 25 162 48
3 0 9 25 162 48
4 0 9 25 162 48
5 0 9 25 162 48
6 0 9 25 162 48
7 0 9 25 162 48
8 0 9 71 187 46
-10 1 9 71 187 46
-9 1 9 25 162 48
-8 1 9 25 162 48
-7 1 9 25 162 48
-6 1 9 25 162 48
-5 1 9 25 162 48
-4 1 9 25 162 48
-3 1 9 25 162 48
-2 1 9 25 162 48
-1 1 9 25 162 48
0 1 9 25 162 48
1 1 9 25 162 48
2 1 9 25 162 48
3 1 9 25 162 48
4 1 9 25 162 48
5 1 9 25 162 48
6 1 9 25 162 48
7 1 9 43 107 69
8 1 9 43 107 69
-10 2 9 36 139 70
-9 2 9 25 162 48
-8 2 9 25 162 48
-7 2 9 25 162 48
-6 2 9 25 162 48
-5 2 9 25 162 48
-4 2 9 25 162 48
-3 2 9 25 162 48
-2 2 9 25 162 48
-1 2 9 25 162 48
0 2 9 25 162 48
1 2 9 25 162 48
2 2 9 25 162 48
3 2 9 25 162 48
4 2 9 25 162 48
5 2 9 25 162 48
6 2 9 25 162 48
7 2 9 25 162 48
8 2 9 25 162 48
-9 3 9 43 107 69
-8 3 9 25 162 48
-7 3 9 25 162 48
-6 3 9 25 162 48
-5 3 9 25 162 48
-4 3 9 25 162 48
-3 3 9 25 162 48
-2 3 9 25 162 48
-1 3 9 25 162 48
0 3 9 25 162 48
1 3 9 25 162 48
2 3 9 25 162 48
3 3 9 25 162 48
4 3 9 25 162 48
5 3 9 25 162 48
6 3 9 25 162 48
7 3 9 25 162 48
8 3 9 71 187 46
-9 4 9 36 139 70
-8 4 9 25 162 48
-7 4 9 25 162 48
-6 4 9 25 162 48
-5 4 9 25 162 48
-4 4 9 25 162 48
-3 4 9 25 162 48
-2 4 9 25 162 48
-1 4 9 25 162 48
0 4 9 25 162 48
1 4 9 25 162 48
2 4 9 25 162 48
3 4 9 25 162 48
4 4 9 25 162 48
5 4 9 25 162 48
6 4 9 43 107 69
7 4 9 43 107 69
-10 5 9 36 139 70
-9 5 9 25 162 48
-8 5 9 25 162 48
-7 5 9 25 162 48
-6 5 9 25 162 48
-5 5 9 43 107 69
-4 5 9 36 139 70
-3 5 9 25 162 48
-2 5 9 25 162 48
-1 5 9 25 162 48
0 5 9 25 162 48
1 5 9 25 162 48
2 5 9 25 162 48
3 5 9 25 162 48
4 5 9 25 162 48
5 5 9 25 162 48
6 5 9 25 162 48
7 5 9 25 162 48
-10 6 9 25 162 48
-9 6 9 25 162 48
-8 6 9 43 107 69
-7 6 9 25 162 48
-6 6 9 25 162 48
-3 6 9 71 187 46
-2 6 9 43 107 69
-1 6 9 36 139 70
0 6 9 36 139 70
1 6 9 25 162 48
3 6 9 43 107 69
4 6 9 25 162 48
5 6 9 25 162 48
6 6 9 43 107 69
7 6 9 25 162 48
8 6 9 71 187 46
-7 7 9 71 187 46
-6 7 9 25 162 48
0 7 9 36 139 70
1 7 9 25 162 48
4 7 9 36 139 70
5 7 9 25 162 48
7 7 9 71 187 46
8 7 9 71 187 46
-10 -9 10 71 187 46
-9 -9 10 71 187 46
-8 -9 10 36 139 70
-5 -9 10 36 139 70
-4 -9 10 25 162 48
-1 -9 10 71 187 46
0 -9 10 71 187 46
3 -9 10 71 187 46
4 -9 10 71 187 46
5 -9 10 43 107 69
-10 -8 10 36 139 70
-9 -8 10 36 139 70
-8 -8 10 25 162 48
-5 -8 10 36 139 70
-4 -8 10 25 162 48
-3 -8 10 25 162 48
-2 -8 10 43 107 69
-1 -8 10 25 162 48
0 -8 10 25 162 48
3 -8 10 71 187 46
4 -8 10 25 162 48
5 -8 10 36 139 70
6 -8 10 43 107 69
7 -8 10 71 187 46
8 -8 10 71 187 46
-9 -7 10 43 107 69
-8 -7 10 25 162 48
-7 -7 10 25 162 48
-6 -7 10 25 162 48
-5 -7 10 25 162 48
-4 -7 10 25 162 48
-3 -7 10 25 162 48
-2 -7 10 25 162 48
-1 -7 10 25 162 48
0 -7 10 25 162 48
1 -7 10 25 162 48
2 -7 10 36 139 70
3 -7 10 25 162 48
4 -7 10 25 162 48
5 -7 10 36 139 70
6 -7 10 36 139 70
7 -7 10 25 162 48
8 -7 10 71 187 46
-9 -6 10 36 139 70
-8 -6 10 25 162 48
-7 -6 10 25 162 48
-6 -6 10 25 162 48
-5 -6 10 25 162 48
-4 -6 10 25 162 48
-3 -6 10 25 162 48
-2 -6 10 25 162 48
-1 -6 10 25 162 48
0 -6 10 25 162 48
1 -6 10 25 162 48
2 -6 10 25 162 48
3 -6 10 25 162 48
4 -6 10 25 162 48
5 -6 10 25 162 48
6 -6 10 25 162 48
7 -6 10 25 162 48
8 -6 10 71 187 46
-10 -5 10 25 162 48
-9 -5 10 36 139 70
-8 -5 10 25 162 48
-7 -5 10 25 162 48
-6 -5 10 25 162 48
-5 -5 10 25 162 48
-4 -5 10 25 162 48
-3 -5 10 25 162 48
-2 -5 10 25 162 48
-1 -5 10 25 162 48
0 -5 10 25 162 48
1 -5 10 25 162 48
2 -5 10 25 162 48
3 -5 10 25 162 48
4 -5 10 25 162 48
5 -5 10 25 162 48
6 -5 10 25 162 48
7 -5 10 25 162 48
8 -5 10 25 162 48
-10 -4 10 71 187 46
-9 -4 10 36 139 70
-8 -4 10 25 162 48
-7 -4 10 25 162 48
-6 -4 10 25 162 48
-5 -4 10 25 162 48
-4 -4 10 25 162 48
-3 -4 10 25 162 48
-2 -4 10 25 162 48
-1 -4 10 25 162 48
0 -4 10 25 162 48
1 -4 10 25 162 48
2 -4 10 25 162 48
3 -4 10 25 162 48
4 -4 10 25 162 48
5 -4 10 25 162 48
6 -4 10 36 139 70
7 -4 10 43 107 69
8 -4 10 43 107 69
-9 -3 10 43 107 69
-8 -3 10 25 162 48
-7 -3 10 25 162 48
-6 -3 10 25 162 48
-5 -3 10 25 162 48
-4 -3 10 25 162 48
-3 -3 10 25 162 48
-2 -3 10 25 162 48
-1 -3 10 25 162 48
0 -3 10 25 162 48
1 -3 10 25 162 48
2 -3 10 25 162 48
3 -3 10 25 162 48
4 -3 10 25 162 48
5 -3 10 25 162 48
6 -3 10 25 162 48
7 -3 10 43 107 69
-9 -2 10 25 162 48
-8 -2 10 25 162 48
-7 -2 10 25 162 48
-6 -2 10 25 162 48
-5 -2 10 25 162 48
-4 -2 10 25 162 48
-3 -2 10 25 162 48
-2 -2 10 25 162 48
-1 -2 10 25 162 48
0 -2 10 25 162 48
1 -2 10 25 162 48
2 -2 10 25 162 48
3 -2 10 25 162 48
4 -2 10 25 162 48
5 -2 10 25 162 48
6 -2 10 25 162 48
7 -2 10 36 139 70
-8 -1 10 43 107 69
-7 -1 10 25 162 48
-6 -1 10 25 162 48
-5 -1 10 25 162 48
-4 -1 10 25 162 48
-3 -1 10 25 162 48
-2 -1 10 25 162 48
-1 -1 10 25 162 48
0 -1 10 25 162 48
1 -1 10 25 162 48
2 -1 10 25 162 48
3 -1 10 25 162 48
4 -1 10 25 162 48
5 -1 10 25 162 48
6 -1 10 25 162 48
7 -1 10 36 139 70
-8 0 10 71 187 46
-7 0 10 25 162 48
-6 0 10 25 162 48
-5 0 10 25 162 48
-4 0 10 25 162 48
-3 0 10 25 162 48
-2 0 10 25 162 48
-1 0 10 25 162 48
0 0 10 25 162 48
1 0 10 25 162 48
2 0 10 25 162 48
3 0 10 25 162 48
4 0 10 25 162 48
5 0 10 25 162 48
6 0 10 25 162 48
7 0 10 43 107 69
-9 1 10 36 139 70
-8 1 10 25 162 48
-7 1 10 25 162 48
-6 1 10 25 162 48
-5 1 10 25 162 48
-4 1 10 25 162 48
-3 1 10 25 162 48
-2 1 10 25 162 48
-1 1 10 25 162 48
0 1 10 25 162 48
1 1 10 25 162 48
2 1 10 25 162 48
3 1 10 25 162 48
4 1 10 25 162 48
5 1 10 25 162 48
6 1 10 25 162 48
7 1 10 43 107 69
-9 2 10 36 139 70
-8 2 10 36 139 70
-7 2 10 25 162 48
-6 2 10 25 162 48
-5 2 10 25 162 48
-4 2 10 25 162 48
-3 2 10 25 162 48
-2 2 10 25 162 48
-1 2 10 25 162 48
0 2 10 25 162 48
1 2 10 25 162 48
2 2 10 25 162 48
3 2 10 25 162 48
4 2 10 25 162 48
5 2 10 25 162 48
6 2 10 25 162 48
7 2 10 25 162 48
8 2 10 25 162 48
-9 3 10 43 107 69
-8 3 10 25 162 48
-7 3 10 25 162 48
-6 3 10 25 162 48
-5 3 10 25 162 48
-4 3 10 25 162 48
-3 3 10 25 162 48
-2 3 10 25 162 48
-1 3 10 25 162 48
0 3 10 25 162 48
1 3 10 25 162 48
2 3 10 25 162 48
3 3 10 25 162 48
4 3 10 25 162 48
5 3 10 25 162 48
6 3 10 25 162 48
7 3 10 25 162 48
8 3 10 71 187 46
-9 4 10 43 107 69
-8 4 10 25 162 48
-7 4 10 25 162 48
-6 4 10 25 162 48
-5 4 10 25 162 48
-4 4 10 25 162 48
-3 4 10 25 162 48
-2 4 10 25 162 48
-1 4 10 25 162 48
0 4 10 25 162 48
1 4 10 25 162 48
2 4 10 25 162 48
3 4 10 25 162 48
4 4 10 25 162 48
5 4 10 25 162 48
6 4 10 43 107 69
7 4 10 43 107 69
-10 5 10 71 187 46
-9 5 10 25 162 48
-8 5 10 25 162 48
-7 5 10 25 162 48
-6 5 10 25 162 48
-5 5 10 43 107 69
-4 5 10 43 107 69
-3 5 10 25 162 48
-2 5 10 25 162 48
-1 5 10 25 162 48
0 5 10 25 162 48
1 5 10 25 162 48
2 5 10 25 162 48
3 5 10 25 162 48
4 5 10 25 162 48
5 5 10 25 162 48
6 5 10 43 107 69
7 5 10 43 107 69
-10 6 10 71 187 46
-9 6 10 25 162 48
-8 6 10 71 187 46
-7 6 10 25 162 48
-6 6 10 43 107 69
-3 6 10 36 139 70
-2 6 10 43 107 69
-1 6 10 36 139 70
0 6 10 25 162 48
1 6 10 25 162 48
3 6 10 43 107 69
4 6 10 25 162 48
5 6 10 25 162 48
6 6 10 43 107 69
-7 7 10 71 187 46
-6 7 10 43 107 69
0 7 10 25 162 48
1 7 10 71 187 46
4 7 10 71 187 46
5 7 10 71 187 46
-8 -8 11 43 107 69
-5 -8 11 36 139 70
-4 -8 11 71 187 46
-3 -8 11 25 162 48
-2 -8 11 43 107 69
-1 -8 11 36 139 70
0 -8 11 25 162 48
3 -8 11 71 187 46
4 -8 11 25 162 48
-8 -7 11 25 162 48
-5 -7 11 25 162 48
-4 -7 11 25 162 48
-3 -7 11 25 162 48
-2 -7 11 25 162 48
-1 -7 11 25 162 48
0 -7 11 25 162 48
1 -7 11 43 107 69
2 -7 11 36 139 70
3 -7 11 25 162 48
4 -7 11 25 162 48
5 -7 11 36 139 70
-8 -6 11 25 162 48
-7 -6 11 25 162 48
-6 -6 11 36 139 70
-5 -6 11 25 162 48
-4 -6 11 25 162 48
-3 -6 11 25 162 48
-2 -6 11 25 162 48
-1 -6 11 25 162 48
0 -6 11 25 162 48
1 -6 11 25 162 48
2 -6 11 25 162 48
3 -6 11 25 162 48
4 -6 11 25 162 48
5 -6 11 25 162 48
6 -6 11 43 107 69
7 -6 11 43 107 69
-8 -5 11 36 139 70
-7 -5 11 25 162 48
-6 -5 11 25 162 48
-5 -5 11 25 162 48
-4 -5 11 25 162 48
-3 -5 11 25 162 48
-2 -5 11 25 162 48
-1 -5 11 25 162 48
0 -5 11 25 162 48
1 -5 11 25 162 48
2 -5 11 25 162 48
3 -5 11 25 162 48
4 -5 11 25 162 48
5 -5 11 25 162 48
6 -5 11 36 139 70
7 -5 11 36 139 70
-8 -4 11 36 139 70
-7 -4 11 25 162 48
-6 -4 11 25 162 48
-5 -4 11 25 162 48
-4 -4 11 25 162 48
-3 -4 11 25 162 48
-2 -4 11 25 162 48
-1 -4 11 25 162 48
0 -4 11 25 162 48
1 -4 11 25 162 48
2 -4 11 25 162 48
3 -4 11 25 162 48
4 -4 11 25 162 48
5 -4 11 36 139 70
-8 -3 11 36 139 70
-7 -3 11 25 162 48
-6 -3 11 25 162 48
-5 -3 11 25 162 48
-4 -3 11 25 162 48
-3 -3 11 25 162 48
-2 -3 11 25 162 48
-1 -3 11 25 162 48
0 -3 11 25 162 48
1 -3 11 25 162 48
2 -3 11 25 162 48
3 -3 11 25 162 48
4 -3 11 25 162 48
5 -3 11 25 162 48
6 -3 11 25 162 48
-6 -2 11 25 162 48
-5 -2 11 25 162 48
-4 -2 11 25 162 48
-3 -2 11 25 162 48
-2 -2 11 25 162 48
-1 -2 11 25 162 48
0 -2 11 25 162 48
1 -2 11 25 162 48
2 -2 11 25 162 48
3 -2 11 25 162 48
4 -2 11 25 162 48
5 -2 11 25 162 48
6 -2 11 36 139 70
-6 -1 11 25 162 48
-5 -1 11 25 162 48
-4 -1 11 25 162 48
-3 -1 11 25 162 48
-2 -1 11 25 162 48
-1 -1 11 25 162 48
0 -1 11 25 162 48
1 -1 11 25 162 48
2 -1 11 25 162 48
3 -1 11 25 162 48
4 -1 11 25 162 48
5 -1 11 25 162 48
6 -1 11 25 162 48
7 -1 11 25 162 48
-8 0 11 43 107 69
-7 0 11 25 162 48
-6 0 11 25 162 48
-5 0 11 25 162 48
-4 0 11 25 162 48
-3 0 11 25 162 48
-2 0 11 25 162 48
-1 0 11 25 162 48
0 0 11 25 162 48
1 0 11 25 162 48
2 0 11 25 162 48
3 0 11 25 162 48
4 0 11 25 162 48
5 0 11 25 162 48
6 0 11 25 162 48
7 0 11 25 162 48
-8 1 11 43 107 69
-7 1 11 25 162 48
-6 1 11 25 162 48
-5 1 11 25 162 48
-4 1 11 25 162 48
-3 1 11 25 162 48
-2 1 11 25 162 48
-1 1 11 25 162 48
0 1 11 25 162 48
1 1 11 25 162 48
2 1 11 25 162 48
3 1 11 25 162 48
4 1 11 25 162 48
5 1 11 25 162 48
6 1 11 25 162 48
7 1 11 25 162 48
-8 2 11 36 139 70
-7 2 11 43 107 69
-6 2 11 43 107 69
-5 2 11 25 162 48
-4 2 11 25 162 48
-3 2 11 25 162 48
-2 2 11 25 162 48
-1 2 11 25 162 48
0 2 11 25 162 48
1 2 11 25 162 48
2 2 11 25 162 48
3 2 11 25 162 48
4 2 11 25 162 48
5 2 11 25 162 48
6 2 11 36 139 70
-8 3 11 36 139 70
-7 3 11 25 162 48
-6 3 11 25 162 48
-5 3 11 25 162 48
-4 3 11 25 162 48
-3 3 11 25 162 48
-2 3 11 25 162 48
-1 3 11 25 162 48
0 3 11 25 162 48
1 3 11 25 162 48
2 3 11 25 162 48
3 3 11 25 162 48
4 3 11 25 162 48
5 3 11 25 162 48
6 3 11 43 107 69
-8 4 11 25 162 48
-7 4 11 25 162 48
-6 4 11 25 162 48
-5 4 11 25 162 48
-4 4 11 25 162 48
-3 4 11 25 162 48
-2 4 11 25 162 48
-1 4 11 25 162 48
0 4 11 25 162 48
1 4 11 25 162 48
2 4 11 25 162 48
3 4 11 25 162 48
4 4 11 25 162 48
5 4 11 25 162 48
6 4 11 25 162 48
7 4 11 43 107 69
-8 5 11 43 107 69
-7 5 11 25 162 48
-6 5 11 25 162 48
-5 5 11 25 162 48
-4 5 11 25 162 48
-3 5 11 43 107 69
-2 5 11 36 139 70
-1 5 11 25 162 48
0 5 11 25 162 48
1 5 11 71 187 46
2 5 11 71 187 46
3 5 11 25 162 48
4 5 11 25 162 48
5 5 11 25 162 48
6 5 11 36 139 70
7 5 11 36 139 70
-8 6 11 25 162 48
-7 6 11 43 107 69
-6 6 11 25 162 48
-5 6 11 25 162 48
-4 6 11 43 107 69
-1 6 11 25 162 48
0 6 11 71 187 46
3 6 11 36 139 70
4 6 11 71 187 46
5 6 11 43 107 69
6 6 11 36 139 70
-8 -8 12 36 139 70
-5 -8 12 25 162 48
-4 -8 12 71 187 46
3 -8 12 36 139 70
4 -8 12 71 187 46
-8 -7 12 25 162 48
-5 -7 12 25 162 48
-4 -7 12 25 162 48
-3 -7 12 25 162 48
-2 -7 12 36 139 70
-1 -7 12 36 139 70
0 -7 12 43 107 69
1 -7 12 25 162 48
2 -7 12 43 107 69
3 -7 12 25 162 48
4 -7 12 25 162 48
5 -7 12 43 107 69
-8 -6 12 71 187 46
-7 -6 12 71 187 46
-6 -6 12 36 139 70
-5 -6 12 25 162 48
-4 -6 12 25 162 48
-3 -6 12 25 162 48
-2 -6 12 25 162 48
-1 -6 12 36 139 70
0 -6 12 25 162 48
1 -6 12 25 162 48
2 -6 12 25 162 48
3 -6 12 25 162 48
4 -6 12 25 162 48
5 -6 12 25 162 48
6 -6 12 25 162 48
7 -6 12 25 162 48
-8 -5 12 43 107 69
-7 -5 12 25 162 48
-6 -5 12 25 162 48
-5 -5 12 25 162 48
-4 -5 12 25 162 48
-3 -5 12 25 162 48
-2 -5 12 25 162 48
-1 -5 12 25 162 48
0 -5 12 25 162 48
1 -5 12 25 162 48
2 -5 12 25 162 48
3 -5 12 25 162 48
4 -5 12 25 162 48
5 -5 12 25 162 48
6 -5 12 36 139 70
7 -5 12 25 162 48
-7 -4 12 36 139 70
-6 -4 12 25 162 48
-5 -4 12 25 162 48
-4 -4 12 25 162 48
-3 -4 12 25 162 48
-2 -4 12 25 162 48
-1 -4 12 25 162 48
0 -4 12 25 162 48
1 -4 12 25 162 48
2 -4 12 25 162 48
3 -4 12 25 162 48
4 -4 12 25 162 48
5 -4 12 36 139 70
-7 -3 12 25 162 48
-6 -3 12 25 162 48
-5 -3 12 25 162 48
-4 -3 12 25 162 48
-3 -3 12 25 162 48
-2 -3 12 25 162 48
-1 -3 12 25 162 48
0 -3 12 25 162 48
1 -3 12 25 162 48
2 -3 12 25 162 48
3 -3 12 25 162 48
4 -3 12 25 162 48
5 -3 12 25 162 48
6 -3 12 25 162 48
-6 -2 12 43 107 69
-5 -2 12 25 162 48
-4 -2 12 25 162 48
-3 -2 12 25 162 48
-2 -2 12 25 162 48
-1 -2 12 25 162 48
0 -2 12 25 162 48
1 -2 12 25 162 48
2 -2 12 25 162 48
3 -2 12 25 162 48
4 -2 12 25 162 48
5 -2 12 25 162 48
6 -2 12 43 107 69
-6 -1 12 43 107 69
-5 -1 12 25 162 48
-4 -1 12 25 162 48
-3 -1 12 25 162 48
-2 -1 12 25 162 48
-1 -1 12 25 162 48
0 -1 12 25 162 48
1 -1 12 25 162 48
2 -1 12 25 162 48
3 -1 12 25 162 48
4 -1 12 25 162 48
5 -1 12 25 162 48
6 -1 12 43 107 69
7 -1 12 25 162 48
-8 0 12 36 139 70
-7 0 12 25 162 48
-6 0 12 25 162 48
-5 0 12 25 162 48
-4 0 12 25 162 48
-3 0 12 25 162 48
-2 0 12 25 162 48
-1 0 12 25 162 48
0 0 12 25 162 48
1 0 12 25 162 48
2 0 12 25 162 48
3 0 12 25 162 48
4 0 12 25 162 48
5 0 12 25 162 48
6 0 12 25 162 48
7 0 12 71 187 46
-6 1 12 25 162 48
-5 1 12 25 162 48
-4 1 12 25 162 48
-3 1 12 25 162 48
-2 1 12 25 162 48
-1 1 12 25 162 48
0 1 12 25 162 48
1 1 12 25 162 48
2 1 12 25 162 48
3 1 12 25 162 48
4 1 12 25 162 48
5 1 12 25 162 48
6 1 12 71 187 46
7 1 12 71 187 46
-6 2 12 43 107 69
-5 2 12 25 162 48
-4 2 12 25 162 48
-3 2 12 25 162 48
-2 2 12 25 162 48
-1 2 12 25 162 48
0 2 12 25 162 48
1 2 12 25 162 48
2 2 12 25 162 48
3 2 12 25 162 48
4 2 12 25 162 48
5 2 12 43 107 69
-8 3 12 36 139 70
-7 3 12 25 162 48
-6 3 12 25 162 48
-5 3 12 25 162 48
-4 3 12 25 162 48
-3 3 12 25 162 48
-2 3 12 25 162 48
-1 3 12 25 162 48
0 3 12 25 162 48
1 3 12 25 162 48
2 3 12 25 162 48
3 3 12 25 162 48
4 3 12 25 162 48
5 3 12 25 162 48
-8 4 12 71 187 46
-7 4 12 25 162 48
-6 4 12 25 162 48
-5 4 12 25 162 48
-4 4 12 25 162 48
-3 4 12 25 162 48
-2 4 12 43 107 69
-1 4 12 43 107 69
0 4 12 43 107 69
1 4 12 43 107 69
2 4 12 71 187 46
3 4 12 25 162 48
4 4 12 25 162 48
5 4 12 25 162 48
6 4 12 25 162 48
7 4 12 25 162 48
-7 5 12 43 107 69
-6 5 12 71 187 46
-5 5 12 71 187 46
-4 5 12 25 162 48
-3 5 12 43 107 69
-2 5 12 43 107 69
-1 5 12 43 107 69
0 5 12 43 107 69
3 5 12 25 162 48
4 5 12 25 162 48
5 5 12 25 162 48
6 5 12 25 162 48
7 5 12 25 162 48
-5 6 12 71 187 46
-4 6 12 25 162 48
-1 6 12 43 107 69
0 6 12 43 107 69
3 6 12 36 139 70
4 6 12 25 162 48
5 6 12 43 107 69
6 6 12 36 139 70
-8 -8 13 36 139 70
-5 -8 13 71 187 46
-4 -8 13 71 187 46
3 -8 13 36 139 70
4 -8 13 71 187 46
-8 -7 13 71 187 46
-7 -7 13 25 162 48
-6 -7 13 36 139 70
-5 -7 13 25 162 48
-4 -7 13 25 162 48
-3 -7 13 71 187 46
-2 -7 13 25 162 48
1 -7 13 71 187 46
2 -7 13 43 107 69
3 -7 13 25 162 48
4 -7 13 25 162 48
5 -7 13 43 107 69
-7 -6 13 71 187 46
-6 -6 13 36 139 70
-5 -6 13 25 162 48
-4 -6 13 25 162 48
-3 -6 13 25 162 48
-2 -6 13 25 162 48
-1 -6 13 36 139 70
0 -6 13 25 162 48
1 -6 13 25 162 48
2 -6 13 25 162 48
3 -6 13 25 162 48
4 -6 13 25 162 48
5 -6 13 25 162 48
6 -6 13 25 162 48
7 -6 13 71 187 46
-7 -5 13 43 107 69
-6 -5 13 36 139 70
-5 -5 13 36 139 70
-4 -5 13 25 162 48
-3 -5 13 25 162 48
-2 -5 13 25 162 48
-1 -5 13 25 162 48
0 -5 13 25 162 48
1 -5 13 25 162 48
2 -5 13 25 162 48
3 -5 13 25 162 48
4 -5 13 25 162 48
5 -5 13 25 162 48
6 -5 13 71 187 46
7 -5 13 71 187 46
-7 -4 13 71 187 46
-6 -4 13 25 162 48
-5 -4 13 25 162 48
-4 -4 13 25 162 48
-3 -4 13 25 162 48
-2 -4 13 25 162 48
-1 -4 13 25 162 48
0 -4 13 25 162 48
1 -4 13 25 162 48
2 -4 13 25 162 48
3 -4 13 25 162 48
4 -4 13 25 162 48
5 -4 13 36 139 70
-7 -3 13 71 187 46
-6 -3 13 25 162 48
-5 -3 13 25 162 48
-4 -3 13 25 162 48
-3 -3 13 25 162 48
-2 -3 13 25 162 48
-1 -3 13 25 162 48
0 -3 13 25 162 48
1 -3 13 25 162 48
2 -3 13 25 162 48
3 -3 13 25 162 48
4 -3 13 25 162 48
5 -3 13 25 162 48
-8 -2 13 43 107 69
-7 -2 13 25 162 48
-6 -2 13 25 162 48
-5 -2 13 25 162 48
-4 -2 13 25 162 48
-3 -2 13 25 162 48
-2 -2 13 25 162 48
-1 -2 13 25 162 48
0 -2 13 25 162 48
1 -2 13 25 162 48
2 -2 13 25 162 48
3 -2 13 25 162 48
4 -2 13 25 162 48
5 -2 13 25 162 48
-8 -1 13 36 139 70
-7 -1 13 25 162 48
-6 -1 13 25 162 48
-5 -1 13 25 162 48
-4 -1 13 25 162 48
-3 -1 13 25 162 48
-2 -1 13 25 162 48
-1 -1 13 25 162 48
0 -1 13 25 162 48
1 -1 13 25 162 48
2 -1 13 25 162 48
3 -1 13 25 162 48
4 -1 13 25 162 48
5 -1 13 36 139 70
-8 0 13 25 162 48
-7 0 13 25 162 48
-6 0 13 25 162 48
-5 0 13 25 162 48
-4 0 13 25 162 48
-3 0 13 25 162 48
-2 0 13 25 162 48
-1 0 13 25 162 48
0 0 13 25 162 48
1 0 13 25 162 48
2 0 13 25 162 48
3 0 13 25 162 48
4 0 13 25 162 48
5 0 13 43 107 69
-6 1 13 25 162 48
-5 1 13 25 162 48
-4 1 13 25 162 48
-3 1 13 25 162 48
-2 1 13 25 162 48
-1 1 13 25 162 48
0 1 13 25 162 48
1 1 13 25 162 48
2 1 13 25 162 48
3 1 13 25 162 48
4 1 13 25 162 48
5 1 13 25 162 48
-6 2 13 43 107 69
-5 2 13 25 162 48
-4 2 13 25 162 48
-3 2 13 25 162 48
-2 2 13 25 162 48
-1 2 13 25 162 48
0 2 13 25 162 48
1 2 13 25 162 48
2 2 13 25 162 48
3 2 13 25 162 48
4 2 13 25 162 48
5 2 13 36 139 70
-8 3 13 25 162 48
-7 3 13 25 162 48
-6 3 13 25 162 48
-5 3 13 25 162 48
-4 3 13 25 162 48
-3 3 13 25 162 48
-2 3 13 25 162 48
-1 3 13 25 162 48
0 3 13 25 162 48
1 3 13 25 162 48
2 3 13 25 162 48
3 3 13 25 162 48
4 3 13 36 139 70
5 3 13 43 107 69
-8 4 13 71 187 46
-7 4 13 25 162 48
-6 4 13 36 139 70
-5 4 13 25 162 48
-4 4 13 25 162 48
-3 4 13 25 162 48
-2 4 13 25 162 48
-1 4 13 36 139 70
0 4 13 25 162 48
1 4 13 25 162 48
2 4 13 43 107 69
3 4 13 25 162 48
4 4 13 25 162 48
5 4 13 25 162 48
6 4 13 43 107 69
7 4 13 71 187 46
-5 5 13 71 187 46
-4 5 13 25 162 48
-3 5 13 36 139 70
-2 5 13 25 162 48
-1 5 13 36 139 70
0 5 13 25 162 48
3 5 13 43 107 69
4 5 13 25 162 48
5 5 13 36 139 70
6 5 13 43 107 69
7 5 13 71 187 46
-1 6 13 36 139 70
0 6 13 25 162 48
3 6 13 43 107 69
4 6 13 25 162 48
-8 -7 14 36 139 70
-7 -7 14 43 107 69
-6 -7 14 36 139 70
-5 -7 14 25 162 48
-2 -7 14 36 139 70
1 -7 14 43 107 69
2 -7 14 36 139 70
3 -7 14 43 107 69
4 -7 14 43 107 69
5 -7 14 25 162 48
-5 -6 14 43 107 69
-4 -6 14 71 187 46
-3 -6 14 71 187 46
-2 -6 14 25 162 48
-1 -6 14 36 139 70
0 -6 14 36 139 70
1 -6 14 25 162 48
2 -6 14 25 162 48
3 -6 14 25 162 48
4 -6 14 25 162 48
5 -6 14 25 162 48
-5 -5 14 36 139 70
-4 -5 14 25 162 48
-3 -5 14 25 162 48
-2 -5 14 25 162 48
-1 -5 14 25 162 48
0 -5 14 25 162 48
1 -5 14 25 162 48
2 -5 14 25 162 48
3 -5 14 25 162 48
4 -5 14 43 107 69
-7 -4 14 71 187 46
-6 -4 14 25 162 48
-5 -4 14 25 162 48
-4 -4 14 25 162 48
-3 -4 14 25 162 48
-2 -4 14 25 162 48
-1 -4 14 25 162 48
0 -4 14 25 162 48
1 -4 14 25 162 48
2 -4 14 25 162 48
3 -4 14 25 162 48
4 -4 14 43 107 69
-7 -3 14 36 139 70
-6 -3 14 25 162 48
-5 -3 14 25 162 48
-4 -3 14 25 162 48
-3 -3 14 25 162 48
-2 -3 14 25 162 48
-1 -3 14 25 162 48
0 -3 14 25 162 48
1 -3 14 25 162 48
2 -3 14 25 162 48
3 -3 14 25 162 48
4 -3 14 25 162 48
5 -3 14 71 187 46
-6 -2 14 43 107 69
-5 -2 14 25 162 48
-4 -2 14 25 162 48
-3 -2 14 25 162 48
-2 -2 14 25 162 48
-1 -2 14 25 162 48
0 -2 14 25 162 48
1 -2 14 25 162 48
2 -2 14 25 162 48
3 -2 14 25 162 48
4 -2 14 25 162 48
5 -2 14 71 187 46
-6 -1 14 25 162 48
-5 -1 14 36 139 70
-4 -1 14 25 162 48
-3 -1 14 25 162 48
-2 -1 14 25 162 48
-1 -1 14 25 162 48
0 -1 14 25 162 48
1 -1 14 25 162 48
2 -1 14 25 162 48
3 -1 14 25 162 48
4 -1 14 36 139 70
-8 0 14 71 187 46
-7 0 14 71 187 46
-6 0 14 36 139 70
-5 0 14 36 139 70
-4 0 14 25 162 48
-3 0 14 25 162 48
-2 0 14 25 162 48
-1 0 14 25 162 48
0 0 14 25 162 48
1 0 14 25 162 48
2 0 14 25 162 48
3 0 14 25 162 48
4 0 14 43 107 69
-6 1 14 25 162 48
-5 1 14 25 162 48
-4 1 14 25 162 48
-3 1 14 25 162 48
-2 1 14 25 162 48
-1 1 14 25 162 48
0 1 14 25 162 48
1 1 14 25 162 48
2 1 14 25 162 48
3 1 14 25 162 48
4 1 14 25 162 48
5 1 14 25 162 48
-6 2 14 71 187 46
-5 2 14 25 162 48
-4 2 14 25 162 48
-3 2 14 25 162 48
-2 2 14 25 162 48
-1 2 14 25 162 48
0 2 14 25 162 48
1 2 14 25 162 48
2 2 14 25 162 48
3 2 14 25 162 48
4 2 14 25 162 48
5 2 14 71 187 46
-7 3 14 36 139 70
-6 3 14 36 139 70
-5 3 14 36 139 70
-4 3 14 25 162 48
-3 3 14 25 162 48
-2 3 14 25 162 48
-1 3 14 43 107 69
0 3 14 25 162 48
1 3 14 25 162 48
2 3 14 25 162 48
3 3 14 43 107 69
-7 4 14 43 107 69
-6 4 14 43 107 69
-5 4 14 36 139 70
-4 4 14 25 162 48
-3 4 14 25 162 48
-2 4 14 25 162 48
-1 4 14 36 139 70
0 4 14 25 162 48
1 4 14 25 162 48
2 4 14 43 107 69
3 4 14 25 162 48
-5 5 14 36 139 70
-4 5 14 36 139 70
-3 5 14 25 162 48
0 5 14 71 187 46
1 5 14 71 187 46
2 5 14 43 107 69
3 5 14 36 139 70
4 5 14 36 139 70
5 5 14 25 162 48
-6 -7 15 25 162 48
-5 -7 15 36 139 70
-2 -7 15 36 139 70
-1 -7 15 25 162 48
0 -7 15 25 162 48
3 -7 15 25 162 48
4 -7 15 25 162 48
5 -7 15 43 107 69
-5 -6 15 25 162 48
-4 -6 15 43 107 69
-3 -6 15 36 139 70
-2 -6 15 25 162 48
-1 -6 15 25 162 48
0 -6 15 25 162 48
1 -6 15 43 107 69
2 -6 15 25 162 48
3 -6 15 25 162 48
4 -6 15 25 162 48
5 -6 15 43 107 69
-5 -5 15 36 139 70
-4 -5 15 25 162 48
-3 -5 15 25 162 48
-2 -5 15 25 162 48
-1 -5 15 25 162 48
0 -5 15 25 162 48
1 -5 15 25 162 48
2 -5 15 25 162 48
3 -5 15 25 162 48
4 -5 15 25 162 48
-6 -4 15 43 107 69
-5 -4 15 25 162 48
-4 -4 15 25 162 48
-3 -4 15 25 162 48
-2 -4 15 25 162 48
-1 -4 15 25 162 48
0 -4 15 25 162 48
1 -4 15 25 162 48
2 -4 15 25 162 48
3 -4 15 25 162 48
4 -4 15 36 139 70
-6 -3 15 36 139 70
-5 -3 15 36 139 70
-4 -3 15 36 139 70
-3 -3 15 25 162 48
-2 -3 15 25 162 48
-1 -3 15 25 162 48
0 -3 15 25 162 48
1 -3 15 25 162 48
2 -3 15 25 162 48
3 -3 15 25 162 48
4 -3 15 43 107 69
-6 -2 15 36 139 70
-5 -2 15 36 139 70
-4 -2 15 36 139 70
-3 -2 15 25 162 48
-2 -2 15 25 162 48
-1 -2 15 25 162 48
0 -2 15 25 162 48
1 -2 15 25 162 48
2 -2 15 25 162 48
3 -2 15 36 139 70
-4 -1 15 36 139 70
-3 -1 15 25 162 48
-2 -1 15 25 162 48
-1 -1 15 25 162 48
0 -1 15 25 162 48
1 -1 15 25 162 48
2 -1 15 25 162 48
3 -1 15 36 139 70
-4 0 15 71 187 46
-3 0 15 25 162 48
-2 0 15 25 162 48
-1 0 15 25 162 48
0 0 15 25 162 48
1 0 15 25 162 48
2 0 15 25 162 48
3 0 15 25 162 48
4 0 15 36 139 70
-6 1 15 71 187 46
-5 1 15 25 162 48
-4 1 15 25 162 48
-3 1 15 25 162 48
-2 1 15 25 162 48
-1 1 15 25 162 48
0 1 15 25 162 48
1 1 15 25 162 48
2 1 15 25 162 48
3 1 15 25 162 48
4 1 15 25 162 48
5 1 15 71 187 46
-5 2 15 71 187 46
-4 2 15 25 162 48
-3 2 15 25 162 48
-2 2 15 25 162 48
-1 2 15 25 162 48
0 2 15 25 162 48
1 2 15 25 162 48
2 2 15 25 162 48
3 2 15 25 162 48
4 2 15 25 162 48
5 2 15 71 187 46
-5 3 15 36 139 70
-4 3 15 25 162 48
-3 3 15 25 162 48
-2 3 15 25 162 48
-1 3 15 43 107 69
0 3 15 25 162 48
1 3 15 25 162 48
2 3 15 25 162 48
3 3 15 43 107 69
-6 4 15 36 139 70
-5 4 15 36 139 70
-4 4 15 25 162 48
-3 4 15 71 187 46
-2 4 15 25 162 48
-1 4 15 43 107 69
0 4 15 25 162 48
1 4 15 25 162 48
2 4 15 43 107 69
3 4 15 25 162 48
-4 5 15 25 162 48
-3 5 15 71 187 46
0 5 15 36 139 70
1 5 15 71 187 46
3 5 15 36 139 70
4 5 15 71 187 46
5 5 15 25 162 48
-6 -7 16 71 187 46
-5 -7 16 71 187 46
-2 -7 16 25 162 48
-1 -7 16 71 187 46
0 -7 16 71 187 46
3 -7 16 71 187 46
4 -7 16 25 162 48
-5 -6 16 71 187 46
-2 -6 16 71 187 46
-1 -6 16 71 187 46
0 -6 16 71 187 46
3 -6 16 71 187 46
4 -6 16 71 187 46
-5 -5 16 43 107 69
-4 -5 16 43 107 69
-3 -5 16 25 162 48
-2 -5 16 25 162 48
-1 -5 16 25 162 48
0 -5 16 36 139 70
1 -5 16 36 139 70
2 -5 16 36 139 70
3 -5 16 25 162 48
4 -5 16 71 187 46
-6 -4 16 25 162 48
-5 -4 16 25 162 48
-4 -4 16 25 162 48
-3 -4 16 25 162 48
-2 -4 16 25 162 48
-1 -4 16 25 162 48
0 -4 16 36 139 70
1 -4 16 25 162 48
2 -4 16 25 162 48
3 -4 16 25 162 48
4 -4 16 25 162 48
-6 -3 16 25 162 48
-5 -3 16 25 162 48
-4 -3 16 25 162 48
-3 -3 16 25 162 48
-2 -3 16 25 162 48
-1 -3 16 25 162 48
0 -3 16 25 162 48
1 -3 16 25 162 48
2 -3 16 25 162 48
3 -3 16 25 162 48
4 -3 16 36 139 70
-6 -2 16 25 162 48
-5 -2 16 25 162 48
-4 -2 16 25 162 48
-3 -2 16 25 162 48
-2 -2 16 43 107 69
-1 -2 16 36 139 70
0 -2 16 36 139 70
1 -2 16 25 162 48
2 -2 16 25 162 48
3 -2 16 43 107 69
-4 -1 16 43 107 69
-3 -1 16 25 162 48
-2 -1 16 25 162 48
-1 -1 16 25 162 48
0 -1 16 25 162 48
1 -1 16 25 162 48
2 -1 16 25 162 48
3 -1 16 25 162 48
-4 0 16 71 187 46
-3 0 16 25 162 48
-2 0 16 25 162 48
-1 0 16 25 162 48
0 0 16 25 162 48
1 0 16 25 162 48
2 0 16 25 162 48
3 0 16 25 162 48
4 0 16 36 139 70
-6 1 16 71 187 46
-5 1 16 43 107 69
-4 1 16 25 162 48
-3 1 16 25 162 48
-2 1 16 25 162 48
-1 1 16 25 162 48
0 1 16 25 162 48
1 1 16 25 162 48
2 1 16 25 162 48
3 1 16 25 162 48
4 1 16 36 139 70
-5 2 16 43 107 69
-4 2 16 25 162 48
-3 2 16 25 162 48
-2 2 16 25 162 48
-1 2 16 25 162 48
0 2 16 25 162 48
1 2 16 25 162 48
2 2 16 25 162 48
3 2 16 25 162 48
4 2 16 43 107 69
-5 3 16 43 107 69
-4 3 16 25 162 48
-3 3 16 25 162 48
-2 3 16 25 162 48
-1 3 16 43 107 69
0 3 16 25 162 48
1 3 16 25 162 48
2 3 16 25 162 48
3 3 16 25 162 48
4 3 16 36 139 70
-6 4 16 36 139 70
-5 4 16 43 107 69
-4 4 16 71 187 46
-3 4 16 71 187 46
0 4 16 25 162 48
1 4 16 25 162 48
2 4 16 43 107 69
3 4 16 25 162 48
4 4 16 36 139 70
-4 5 16 71 187 46
-3 5 16 71 187 46
3 5 16 71 187 46
4 5 16 71 187 46
-3 -5 17 36 139 70
-2 -5 17 25 162 48
-1 -5 17 36 139 70
2 -5 17 36 139 70
3 -5 17 36 139 70
4 -5 17 71 187 46
-6 -4 17 25 162 48
-5 -4 17 25 162 48
-4 -4 17 25 162 48
-3 -4 17 25 162 48
-2 -4 17 25 162 48
-1 -4 17 25 162 48
0 -4 17 36 139 70
1 -4 17 25 162 48
2 -4 17 25 162 48
3 -4 17 25 162 48
4 -4 17 71 187 46
-6 -3 17 71 187 46
-5 -3 17 71 187 46
-4 -3 17 71 187 46
-3 -3 17 25 162 48
-2 -3 17 25 162 48
-1 -3 17 25 162 48
0 -3 17 25 162 48
1 -3 17 25 162 48
2 -3 17 25 162 48
3 -3 17 25 162 48
4 -3 17 25 162 48
-6 -2 17 71 187 46
-5 -2 17 71 187 46
-4 -2 17 25 162 48
-3 -2 17 25 162 48
-2 -2 17 36 139 70
1 -2 17 25 162 48
2 -2 17 36 139 70
3 -2 17 36 139 70
-2 -1 17 36 139 70
1 -1 17 36 139 70
2 -1 17 36 139 70
3 -1 17 25 162 48
-2 0 17 43 107 69
-1 0 17 25 162 48
0 0 17 25 162 48
1 0 17 43 107 69
2 0 17 43 107 69
3 0 17 25 162 48
4 0 17 25 162 48
-4 1 17 43 107 69
-3 1 17 43 107 69
-2 1 17 25 162 48
-1 1 17 25 162 48
0 1 17 25 162 48
1 1 17 43 107 69
2 1 17 43 107 69
3 1 17 25 162 48
4 1 17 25 162 48
-6 2 17 25 162 48
-5 2 17 43 107 69
-4 2 17 25 162 48
-3 2 17 43 107 69
-2 2 17 25 162 48
-1 2 17 25 162 48
0 2 17 43 107 69
1 2 17 25 162 48
2 2 17 25 162 48
3 2 17 25 162 48
-6 3 17 71 187 46
-5 3 17 43 107 69
-4 3 17 25 162 48
-3 3 17 43 107 69
-2 3 17 43 107 69
-1 3 17 43 107 69
0 3 17 43 107 69
1 3 17 25 162 48
2 3 17 25 162 48
3 3 17 43 107 69
-6 4 17 71 187 46
-3 4 17 71 187 46
0 4 17 71 187 46
1 4 17 43 107 69
2 4 17 43 107 69
3 4 17 43 107 69
4 4 17 36 139 70
-3 -5 18 36 139 70
-2 -5 18 25 162 48
-1 -5 18 36 139 70
2 -5 18 25 162 48
3 -5 18 36 139 70
-4 -4 18 25 162 48
-3 -4 18 36 139 70
-2 -4 18 25 162 48
-1 -4 18 25 162 48
0 -4 18 36 139 70
1 -4 18 25 162 48
2 -4 18 25 162 48
3 -4 18 36 139 70
-4 -3 18 71 187 46
-3 -3 18 36 139 70
-2 -3 18 25 162 48
-1 -3 18 25 162 48
0 -3 18 36 139 70
1 -3 18 25 162 48
2 -3 18 25 162 48
3 -3 18 36 139 70
-2 0 18 25 162 48
-1 0 18 25 162 48
0 0 18 25 162 48
1 0 18 36 139 70
2 0 18 43 107 69
3 0 18 71 187 46
4 0 18 71 187 46
-2 1 18 25 162 48
-1 1 18 25 162 48
0 1 18 36 139 70
1 1 18 36 139 70
2 1 18 43 107 69
3 1 18 25 162 48
4 1 18 25 162 48
-2 2 18 25 162 48
-1 2 18 25 162 48
2 2 18 25 162 48
3 2 18 36 139 70
-2 3 18 25 162 48
-1 3 18 25 162 48
2 3 18 25 162 48
3 3 18 25 162 48
-2 -5 19 25 162 48
-1 -5 19 36 139 70
2 -5 19 25 162 48
3 -5 19 25 162 48
-2 -4 19 71 187 46
-1 -4 19 25 162 48
2 -4 19 71 187 46
3 -4 19 71 187 46
-2 -3 19 71 187 46
-1 -3 19 71 187 46
2 -3 19 71 187 46
3 -3 19 25 162 48
-2 0 19 71 187 46
-1 0 19 71 187 46
2 0 19 71 187 46
3 0 19 25 162 48
-2 1 19 71 187 46
-1 1 19 25 162 48
2 1 19 71 187 46
3 1 19 36 139 70
-2 2 19 25 162 48
-1 2 19 36 139 70
2 2 19 25 162 48
3 2 19 36 139 70
