ply
format ascii 1.0
comment : MagicaVoxel @ Ephtracy
element vertex 1088
property float x
property float y
property float z
property uchar red
property uchar green
property uchar blue
end_header
-2 -3 0 43 107 69
-1 -3 0 28 83 59
0 -3 0 43 107 69
-3 -2 0 28 83 59
-2 -2 0 238 208 65
-1 -2 0 237 178 52
0 -2 0 238 208 65
1 -2 0 28 83 59
-3 -1 0 28 83 59
-2 -1 0 245 226 118
-1 -1 0 245 226 118
0 -1 0 237 178 52
1 -1 0 28 83 59
-3 0 0 28 83 59
-2 0 0 238 208 65
-1 0 0 245 226 118
0 0 0 238 208 65
1 0 0 28 83 59
-2 1 0 43 107 69
-1 1 0 28 83 59
0 1 0 43 107 69
-1 -6 1 207 137 26
-2 -5 1 237 178 52
-1 -5 1 207 137 26
0 -5 1 237 178 52
-3 -4 1 36 139 70
-2 -4 1 43 107 69
-1 -4 1 28 83 59
0 -4 1 43 107 69
1 -4 1 36 139 70
-4 -3 1 28 83 59
-3 -3 1 237 178 52
-2 -3 1 25 162 48
-1 -3 1 28 83 59
0 -3 1 43 107 69
1 -3 1 237 178 52
2 -3 1 28 83 59
-5 -2 1 237 178 52
-4 -2 1 43 107 69
-3 -2 1 25 162 48
-2 -2 1 25 162 48
-1 -2 1 43 107 69
0 -2 1 25 162 48
1 -2 1 25 162 48
2 -2 1 43 107 69
3 -2 1 237 178 52
-6 -1 1 207 137 26
-5 -1 1 207 137 26
-4 -1 1 28 83 59
-3 -1 1 43 107 69
-2 -1 1 43 107 69
-1 -1 1 43 107 69
0 -1 1 43 107 69
1 -1 1 43 107 69
2 -1 1 28 83 59
3 -1 1 207 137 26
4 -1 1 207 137 26
-5 0 1 237 178 52
-4 0 1 43 107 69
-3 0 1 25 162 48
-2 0 1 25 162 48
-1 0 1 43 107 69
0 0 1 25 162 48
1 0 1 25 162 48
2 0 1 43 107 69
3 0 1 237 178 52
-4 1 1 28 83 59
-3 1 1 237 178 52
-2 1 1 43 107 69
-1 1 1 43 107 69
0 1 1 43 107 69
1 1 1 237 178 52
2 1 1 28 83 59
-3 2 1 36 139 70
-2 2 1 43 107 69
-1 2 1 28 83 59
0 2 1 43 107 69
1 2 1 36 139 70
-2 3 1 237 178 52
-1 3 1 207 137 26
0 3 1 237 178 52
-1 4 1 207 137 26
-2 -6 2 36 139 70
-1 -6 2 237 178 52
0 -6 2 36 139 70
-5 -5 2 207 137 26
-4 -5 2 43 107 69
-3 -5 2 36 139 70
-2 -5 2 25 162 48
-1 -5 2 43 107 69
0 -5 2 25 162 48
1 -5 2 36 139 70
2 -5 2 43 107 69
3 -5 2 207 137 26
-5 -4 2 36 139 70
-4 -4 2 28 83 59
-3 -4 2 25 162 48
-2 -4 2 25 162 48
-1 -4 2 43 107 69
0 -4 2 25 162 48
1 -4 2 36 139 70
2 -4 2 28 83 59
3 -4 2 25 162 48
-5 -3 2 36 139 70
-4 -3 2 25 162 48
-3 -3 2 25 162 48
-2 -3 2 25 162 48
-1 -3 2 43 107 69
0 -3 2 25 162 48
1 -3 2 25 162 48
2 -3 2 25 162 48
3 -3 2 36 139 70
-6 -2 2 36 139 70
-5 -2 2 25 162 48
-4 -2 2 25 162 48
-3 -2 2 25 162 48
-2 -2 2 25 162 48
-1 -2 2 43 107 69
0 -2 2 25 162 48
1 -2 2 25 162 48
2 -2 2 25 162 48
3 -2 2 25 162 48
4 -2 2 36 139 70
-6 -1 2 237 178 52
-5 -1 2 43 107 69
-4 -1 2 43 107 69
-3 -1 2 43 107 69
-2 -1 2 43 107 69
-1 -1 2 43 107 69
0 -1 2 43 107 69
1 -1 2 43 107 69
2 -1 2 43 107 69
3 -1 2 43 107 69
4 -1 2 237 178 52
-6 0 2 36 139 70
-5 0 2 25 162 48
-4 0 2 25 162 48
-3 0 2 25 162 48
-2 0 2 25 162 48
-1 0 2 43 107 69
0 0 2 25 162 48
1 0 2 25 162 48
2 0 2 25 162 48
3 0 2 25 162 48
4 0 2 36 139 70
-5 1 2 36 139 70
-4 1 2 28 83 59
-3 1 2 25 162 48
-2 1 2 25 162 48
-1 1 2 43 107 69
0 1 2 25 162 48
1 1 2 25 162 48
2 1 2 28 83 59
3 1 2 36 139 70
-5 2 2 36 139 70
-4 2 2 28 83 59
-3 2 2 25 162 48
-2 2 2 25 162 48
-1 2 2 43 107 69
0 2 2 25 162 48
1 2 2 25 162 48
2 2 2 28 83 59
3 2 2 36 139 70
-5 3 2 207 137 26
-4 3 2 43 107 69
-3 3 2 36 139 70
-2 3 2 25 162 48
-1 3 2 43 107 69
0 3 2 25 162 48
1 3 2 36 139 70
2 3 2 43 107 69
3 3 2 207 137 26
-2 4 2 36 139 70
-1 4 2 237 178 52
0 4 2 36 139 70
-3 -6 3 237 178 52
-2 -6 3 36 139 70
-1 -6 3 43 107 69
0 -6 3 25 162 48
1 -6 3 237 178 52
-5 -5 3 43 107 69
-4 -5 3 25 162 48
-3 -5 3 25 162 48
-2 -5 3 25 162 48
-1 -5 3 43 107 69
0 -5 3 25 162 48
1 -5 3 25 162 48
2 -5 3 36 139 70
3 -5 3 43 107 69
-5 -4 3 36 139 70
-4 -4 3 25 162 48
-3 -4 3 25 162 48
-2 -4 3 25 162 48
-1 -4 3 43 107 69
0 -4 3 25 162 48
1 -4 3 25 162 48
2 -4 3 25 162 48
3 -4 3 25 162 48
-6 -3 3 237 178 52
-5 -3 3 25 162 48
-4 -3 3 25 162 48
-3 -3 3 25 162 48
-2 -3 3 25 162 48
-1 -3 3 43 107 69
0 -3 3 25 162 48
1 -3 3 25 162 48
2 -3 3 25 162 48
3 -3 3 25 162 48
4 -3 3 237 178 52
-6 -2 3 25 162 48
-5 -2 3 25 162 48
-4 -2 3 25 162 48
-3 -2 3 25 162 48
-2 -2 3 25 162 48
-1 -2 3 43 107 69
0 -2 3 25 162 48
1 -2 3 25 162 48
2 -2 3 25 162 48
3 -2 3 25 162 48
4 -2 3 36 139 70
-6 -1 3 43 107 69
-5 -1 3 43 107 69
-4 -1 3 43 107 69
-3 -1 3 43 107 69
-2 -1 3 43 107 69
-1 -1 3 43 107 69
0 -1 3 43 107 69
1 -1 3 43 107 69
2 -1 3 43 107 69
3 -1 3 43 107 69
4 -1 3 43 107 69
-6 0 3 36 139 70
-5 0 3 25 162 48
-4 0 3 25 162 48
-3 0 3 25 162 48
-2 0 3 25 162 48
-1 0 3 43 107 69
0 0 3 25 162 48
1 0 3 25 162 48
2 0 3 25 162 48
3 0 3 25 162 48
4 0 3 25 162 48
-6 1 3 237 178 52
-5 1 3 25 162 48
-4 1 3 25 162 48
-3 1 3 25 162 48
-2 1 3 25 162 48
-1 1 3 43 107 69
0 1 3 25 162 48
1 1 3 25 162 48
2 1 3 25 162 48
3 1 3 25 162 48
4 1 3 237 178 52
-5 2 3 25 162 48
-4 2 3 25 162 48
-3 2 3 25 162 48
-2 2 3 25 162 48
-1 2 3 43 107 69
0 2 3 25 162 48
1 2 3 25 162 48
2 2 3 25 162 48
3 2 3 36 139 70
-5 3 3 43 107 69
-4 3 3 36 139 70
-3 3 3 25 162 48
-2 3 3 25 162 48
-1 3 3 43 107 69
0 3 3 25 162 48
1 3 3 25 162 48
2 3 3 25 162 48
3 3 3 43 107 69
-3 4 3 237 178 52
-2 4 3 25 162 48
-1 4 3 43 107 69
0 4 3 36 139 70
1 4 3 237 178 52
-2 -7 4 36 139 70
-1 -7 4 43 107 69
0 -7 4 25 162 48
-4 -6 4 25 162 48
-3 -6 4 25 162 48
-2 -6 4 25 162 48
-1 -6 4 43 107 69
0 -6 4 25 162 48
1 -6 4 25 162 48
2 -6 4 36 139 70
-5 -5 4 43 107 69
-4 -5 4 25 162 48
-3 -5 4 25 162 48
-2 -5 4 25 162 48
-1 -5 4 43 107 69
0 -5 4 25 162 48
1 -5 4 25 162 48
2 -5 4 36 139 70
3 -5 4 43 107 69
-6 -4 4 36 139 70
-5 -4 4 25 162 48
-4 -4 4 25 162 48
-3 -4 4 25 162 48
-2 -4 4 25 162 48
-1 -4 4 43 107 69
0 -4 4 25 162 48
1 -4 4 25 162 48
2 -4 4 25 162 48
3 -4 4 25 162 48
4 -4 4 25 162 48
-6 -3 4 25 162 48
-5 -3 4 25 162 48
-4 -3 4 25 162 48
-3 -3 4 25 162 48
-2 -3 4 25 162 48
-1 -3 4 43 107 69
0 -3 4 25 162 48
1 -3 4 25 162 48
2 -3 4 25 162 48
3 -3 4 25 162 48
4 -3 4 25 162 48
-7 -2 4 25 162 48
-6 -2 4 25 162 48
-5 -2 4 25 162 48
-4 -2 4 25 162 48
-3 -2 4 25 162 48
-2 -2 4 25 162 48
-1 -2 4 43 107 69
0 -2 4 25 162 48
1 -2 4 25 162 48
2 -2 4 25 162 48
3 -2 4 25 162 48
4 -2 4 36 139 70
5 -2 4 36 139 70
-7 -1 4 43 107 69
-6 -1 4 43 107 69
-5 -1 4 43 107 69
-4 -1 4 43 107 69
-3 -1 4 43 107 69
-2 -1 4 43 107 69
-1 -1 4 43 107 69
0 -1 4 43 107 69
1 -1 4 43 107 69
2 -1 4 43 107 69
3 -1 4 43 107 69
4 -1 4 43 107 69
5 -1 4 43 107 69
-7 0 4 36 139 70
-6 0 4 36 139 70
-5 0 4 25 162 48
-4 0 4 25 162 48
-3 0 4 25 162 48
-2 0 4 25 162 48
-1 0 4 43 107 69
0 0 4 25 162 48
1 0 4 25 162 48
2 0 4 25 162 48
3 0 4 25 162 48
4 0 4 25 162 48
5 0 4 25 162 48
-6 1 4 25 162 48
-5 1 4 25 162 48
-4 1 4 25 162 48
-3 1 4 25 162 48
-2 1 4 25 162 48
-1 1 4 43 107 69
0 1 4 25 162 48
1 1 4 25 162 48
2 1 4 25 162 48
3 1 4 25 162 48
4 1 4 25 162 48
-6 2 4 25 162 48
-5 2 4 25 162 48
-4 2 4 25 162 48
-3 2 4 25 162 48
-2 2 4 25 162 48
-1 2 4 43 107 69
0 2 4 25 162 48
1 2 4 25 162 48
2 2 4 25 162 48
3 2 4 36 139 70
4 2 4 36 139 70
-5 3 4 43 107 69
-4 3 4 36 139 70
-3 3 4 25 162 48
-2 3 4 25 162 48
-1 3 4 43 107 69
0 3 4 25 162 48
1 3 4 25 162 48
2 3 4 25 162 48
3 3 4 43 107 69
-4 4 4 36 139 70
-3 4 4 25 162 48
-2 4 4 25 162 48
-1 4 4 43 107 69
0 4 4 36 139 70
1 4 4 25 162 48
2 4 4 25 162 48
-2 5 4 25 162 48
-1 5 4 43 107 69
0 5 4 36 139 70
-4 -7 5 237 178 52
-3 -7 5 25 162 48
-2 -7 5 36 139 70
-1 -7 5 207 137 26
0 -7 5 25 162 48
1 -7 5 36 139 70
2 -7 5 237 178 52
-5 -6 5 25 162 48
-4 -6 5 25 162 48
-3 -6 5 25 162 48
-2 -6 5 25 162 48
-1 -6 5 43 107 69
0 -6 5 25 162 48
1 -6 5 25 162 48
2 -6 5 25 162 48
3 -6 5 36 139 70
-6 -5 5 43 107 69
-5 -5 5 25 162 48
-4 -5 5 25 162 48
-3 -5 5 25 162 48
-2 -5 5 25 162 48
-1 -5 5 43 107 69
0 -5 5 25 162 48
1 -5 5 25 162 48
2 -5 5 25 162 48
3 -5 5 25 162 48
4 -5 5 43 107 69
-7 -4 5 237 178 52
-6 -4 5 25 162 48
-5 -4 5 25 162 48
-4 -4 5 25 162 48
-3 -4 5 25 162 48
-2 -4 5 25 162 48
-1 -4 5 43 107 69
0 -4 5 25 162 48
1 -4 5 25 162 48
2 -4 5 25 162 48
3 -4 5 25 162 48
4 -4 5 25 162 48
5 -4 5 237 178 52
-7 -3 5 36 139 70
-6 -3 5 25 162 48
-5 -3 5 25 162 48
-4 -3 5 25 162 48
-3 -3 5 25 162 48
-2 -3 5 25 162 48
-1 -3 5 43 107 69
0 -3 5 25 162 48
1 -3 5 25 162 48
2 -3 5 25 162 48
3 -3 5 25 162 48
4 -3 5 25 162 48
5 -3 5 25 162 48
-7 -2 5 25 162 48
-6 -2 5 25 162 48
-5 -2 5 25 162 48
-4 -2 5 75 75 75
-3 -2 5 75 75 75
-2 -2 5 75 75 75
-1 -2 5 43 107 69
0 -2 5 25 162 48
1 -2 5 25 162 48
2 -2 5 25 162 48
3 -2 5 25 162 48
4 -2 5 36 139 70
5 -2 5 36 139 70
-7 -1 5 207 137 26
-6 -1 5 43 107 69
-5 -1 5 43 107 69
-4 -1 5 43 107 69
-3 -1 5 43 107 69
-2 -1 5 43 107 69
-1 -1 5 43 107 69
0 -1 5 43 107 69
1 -1 5 43 107 69
2 -1 5 43 107 69
3 -1 5 43 107 69
4 -1 5 43 107 69
5 -1 5 207 137 26
-7 0 5 36 139 70
-6 0 5 36 139 70
-5 0 5 25 162 48
-4 0 5 75 75 75
-3 0 5 25 162 48
-2 0 5 25 162 48
-1 0 5 43 107 69
0 0 5 25 162 48
1 0 5 25 162 48
2 0 5 25 162 48
3 0 5 25 162 48
4 0 5 25 162 48
5 0 5 25 162 48
-7 1 5 25 162 48
-6 1 5 25 162 48
-5 1 5 25 162 48
-4 1 5 75 75 75
-3 1 5 75 75 75
-2 1 5 75 75 75
-1 1 5 43 107 69
0 1 5 25 162 48
1 1 5 25 162 48
2 1 5 25 162 48
3 1 5 25 162 48
4 1 5 25 162 48
5 1 5 36 139 70
-7 2 5 237 178 52
-6 2 5 25 162 48
-5 2 5 25 162 48
-4 2 5 75 75 75
-3 2 5 25 162 48
-2 2 5 25 162 48
-1 2 5 43 107 69
0 2 5 25 162 48
1 2 5 25 162 48
2 2 5 25 162 48
3 2 5 25 162 48
4 2 5 25 162 48
5 2 5 237 178 52
-6 3 5 43 107 69
-5 3 5 25 162 48
-4 3 5 75 75 75
-3 3 5 25 162 48
-2 3 5 25 162 48
-1 3 5 43 107 69
0 3 5 25 162 48
1 3 5 25 162 48
2 3 5 25 162 48
3 3 5 25 162 48
4 3 5 43 107 69
-5 4 5 36 139 70
-4 4 5 25 162 48
-3 4 5 25 162 48
-2 4 5 25 162 48
-1 4 5 43 107 69
0 4 5 36 139 70
1 4 5 25 162 48
2 4 5 25 162 48
3 4 5 25 162 48
-4 5 5 237 178 52
-3 5 5 36 139 70
-2 5 5 25 162 48
-1 5 5 207 137 26
0 5 5 36 139 70
1 5 5 25 162 48
2 5 5 237 178 52
-1 -8 6 238 208 65
-3 -7 6 25 162 48
-2 -7 6 237 178 52
-1 -7 6 43 107 69
0 -7 6 237 178 52
1 -7 6 71 187 46
-6 -6 6 237 178 52
-5 -6 6 71 187 46
-4 -6 6 25 162 48
-3 -6 6 25 162 48
-2 -6 6 25 162 48
-1 -6 6 43 107 69
0 -6 6 25 162 48
1 -6 6 25 162 48
2 -6 6 25 162 48
3 -6 6 36 139 70
4 -6 6 237 178 52
-6 -5 6 43 107 69
-5 -5 6 25 162 48
-4 -5 6 25 162 48
-3 -5 6 25 162 48
-2 -5 6 25 162 48
-1 -5 6 43 107 69
0 -5 6 25 162 48
1 -5 6 25 162 48
2 -5 6 25 162 48
3 -5 6 25 162 48
4 -5 6 43 107 69
-6 -4 6 36 139 70
-5 -4 6 25 162 48
-4 -4 6 25 162 48
-3 -4 6 25 162 48
-2 -4 6 25 162 48
-1 -4 6 43 107 69
0 -4 6 25 162 48
1 -4 6 25 162 48
2 -4 6 25 162 48
3 -4 6 71 187 46
4 -4 6 71 187 46
-7 -3 6 71 187 46
-6 -3 6 25 162 48
-5 -3 6 25 162 48
-4 -3 6 25 162 48
-3 -3 6 25 162 48
-2 -3 6 25 162 48
-1 -3 6 43 107 69
0 -3 6 25 162 48
1 -3 6 25 162 48
2 -3 6 25 162 48
3 -3 6 25 162 48
4 -3 6 25 162 48
5 -3 6 25 162 48
-7 -2 6 237 178 52
-6 -2 6 25 162 48
-5 -2 6 25 162 48
-4 -2 6 75 75 75
-3 -2 6 75 75 75
-2 -2 6 75 75 75
-1 -2 6 43 107 69
0 -2 6 25 162 48
1 -2 6 25 162 48
2 -2 6 25 162 48
3 -2 6 25 162 48
4 -2 6 25 162 48
5 -2 6 237 178 52
-8 -1 6 238 208 65
-7 -1 6 237 178 52
-6 -1 6 43 107 69
-5 -1 6 43 107 69
-4 -1 6 43 107 69
-3 -1 6 43 107 69
-2 -1 6 43 107 69
-1 -1 6 43 107 69
0 -1 6 43 107 69
1 -1 6 43 107 69
2 -1 6 43 107 69
3 -1 6 43 107 69
4 -1 6 43 107 69
5 -1 6 237 178 52
6 -1 6 238 208 65
-7 0 6 237 178 52
-6 0 6 25 162 48
-5 0 6 25 162 48
-4 0 6 75 75 75
-3 0 6 25 162 48
-2 0 6 25 162 48
-1 0 6 43 107 69
0 0 6 25 162 48
1 0 6 25 162 48
2 0 6 25 162 48
3 0 6 25 162 48
4 0 6 25 162 48
5 0 6 237 178 52
-7 1 6 25 162 48
-6 1 6 25 162 48
-5 1 6 25 162 48
-4 1 6 75 75 75
-3 1 6 75 75 75
-2 1 6 75 75 75
-1 1 6 43 107 69
0 1 6 25 162 48
1 1 6 25 162 48
2 1 6 25 162 48
3 1 6 25 162 48
4 1 6 25 162 48
5 1 6 71 187 46
-6 2 6 71 187 46
-5 2 6 25 162 48
-4 2 6 75 75 75
-3 2 6 25 162 48
-2 2 6 25 162 48
-1 2 6 43 107 69
0 2 6 25 162 48
1 2 6 25 162 48
2 2 6 25 162 48
3 2 6 25 162 48
4 2 6 36 139 70
-6 3 6 43 107 69
-5 3 6 25 162 48
-4 3 6 75 75 75
-3 3 6 25 162 48
-2 3 6 25 162 48
-1 3 6 43 107 69
0 3 6 25 162 48
1 3 6 25 162 48
2 3 6 25 162 48
3 3 6 25 162 48
4 3 6 43 107 69
-6 4 6 237 178 52
-5 4 6 36 139 70
-4 4 6 25 162 48
-3 4 6 25 162 48
-2 4 6 25 162 48
-1 4 6 43 107 69
0 4 6 25 162 48
1 4 6 25 162 48
2 4 6 25 162 48
3 4 6 71 187 46
4 4 6 237 178 52
-3 5 6 71 187 46
-2 5 6 237 178 52
-1 5 6 43 107 69
0 5 6 237 178 52
1 5 6 25 162 48
-1 6 6 238 208 65
-2 -7 7 36 139 70
-1 -7 7 238 208 65
0 -7 7 71 187 46
-4 -6 7 71 187 46
-3 -6 7 25 162 48
-2 -6 7 25 162 48
-1 -6 7 43 107 69
0 -6 7 71 187 46
1 -6 7 25 162 48
2 -6 7 36 139 70
-5 -5 7 43 107 69
-4 -5 7 71 187 46
-3 -5 7 25 162 48
-2 -5 7 25 162 48
-1 -5 7 43 107 69
0 -5 7 25 162 48
1 -5 7 25 162 48
2 -5 7 25 162 48
3 -5 7 43 107 69
-6 -4 7 36 139 70
-5 -4 7 25 162 48
-4 -4 7 25 162 48
-3 -4 7 25 162 48
-2 -4 7 25 162 48
-1 -4 7 43 107 69
0 -4 7 25 162 48
1 -4 7 25 162 48
2 -4 7 25 162 48
3 -4 7 71 187 46
4 -4 7 71 187 46
-6 -3 7 25 162 48
-5 -3 7 25 162 48
-4 -3 7 25 162 48
-3 -3 7 25 162 48
-2 -3 7 25 162 48
-1 -3 7 43 107 69
0 -3 7 25 162 48
1 -3 7 25 162 48
2 -3 7 25 162 48
3 -3 7 25 162 48
4 -3 7 25 162 48
-7 -2 7 71 187 46
-6 -2 7 25 162 48
-5 -2 7 25 162 48
-4 -2 7 25 162 48
-3 -2 7 25 162 48
-2 -2 7 75 75 75
-1 -2 7 43 107 69
0 -2 7 25 162 48
1 -2 7 25 162 48
2 -2 7 25 162 48
3 -2 7 25 162 48
4 -2 7 25 162 48
5 -2 7 36 139 70
-7 -1 7 238 208 65
-6 -1 7 43 107 69
-5 -1 7 43 107 69
-4 -1 7 43 107 69
-3 -1 7 43 107 69
-2 -1 7 43 107 69
-1 -1 7 43 107 69
0 -1 7 43 107 69
1 -1 7 43 107 69
2 -1 7 43 107 69
3 -1 7 43 107 69
4 -1 7 43 107 69
5 -1 7 238 208 65
-7 0 7 36 139 70
-6 0 7 25 162 48
-5 0 7 25 162 48
-4 0 7 25 162 48
-3 0 7 25 162 48
-2 0 7 25 162 48
-1 0 7 43 107 69
0 0 7 25 162 48
1 0 7 25 162 48
2 0 7 25 162 48
3 0 7 25 162 48
4 0 7 25 162 48
5 0 7 71 187 46
-6 1 7 25 162 48
-5 1 7 25 162 48
-4 1 7 25 162 48
-3 1 7 25 162 48
-2 1 7 75 75 75
-1 1 7 43 107 69
0 1 7 25 162 48
1 1 7 25 162 48
2 1 7 25 162 48
3 1 7 25 162 48
4 1 7 25 162 48
-6 2 7 71 187 46
-5 2 7 71 187 46
-4 2 7 25 162 48
-3 2 7 25 162 48
-2 2 7 25 162 48
-1 2 7 43 107 69
0 2 7 25 162 48
1 2 7 25 162 48
2 2 7 25 162 48
3 2 7 25 162 48
4 2 7 36 139 70
-5 3 7 43 107 69
-4 3 7 25 162 48
-3 3 7 25 162 48
-2 3 7 25 162 48
-1 3 7 43 107 69
0 3 7 25 162 48
1 3 7 25 162 48
2 3 7 71 187 46
3 3 7 43 107 69
-4 4 7 36 139 70
-3 4 7 25 162 48
-2 4 7 25 162 48
-1 4 7 43 107 69
0 4 7 25 162 48
1 4 7 25 162 48
2 4 7 71 187 46
-2 5 7 71 187 46
-1 5 7 238 208 65
0 5 7 36 139 70
-3 -6 8 238 208 65
-2 -6 8 25 162 48
-1 -6 8 36 139 70
0 -6 8 71 187 46
1 -6 8 238 208 65
-5 -5 8 43 107 69
-4 -5 8 71 187 46
-3 -5 8 25 162 48
-2 -5 8 25 162 48
-1 -5 8 43 107 69
0 -5 8 25 162 48
1 -5 8 25 162 48
2 -5 8 25 162 48
3 -5 8 43 107 69
-5 -4 8 25 162 48
-4 -4 8 25 162 48
-3 -4 8 25 162 48
-2 -4 8 25 162 48
-1 -4 8 43 107 69
0 -4 8 25 162 48
1 -4 8 25 162 48
2 -4 8 25 162 48
3 -4 8 71 187 46
-6 -3 8 238 208 65
-5 -3 8 25 162 48
-4 -3 8 25 162 48
-3 -3 8 25 162 48
-2 -3 8 25 162 48
-1 -3 8 43 107 69
0 -3 8 25 162 48
1 -3 8 25 162 48
2 -3 8 25 162 48
3 -3 8 25 162 48
4 -3 8 238 208 65
-6 -2 8 71 187 46
-5 -2 8 25 162 48
-4 -2 8 25 162 48
-3 -2 8 25 162 48
-2 -2 8 75 75 75
-1 -2 8 43 107 69
0 -2 8 25 162 48
1 -2 8 25 162 48
2 -2 8 25 162 48
3 -2 8 25 162 48
4 -2 8 25 162 48
-6 -1 8 36 139 70
-5 -1 8 43 107 69
-4 -1 8 43 107 69
-3 -1 8 43 107 69
-2 -1 8 43 107 69
-1 -1 8 43 107 69
0 -1 8 43 107 69
1 -1 8 43 107 69
2 -1 8 43 107 69
3 -1 8 43 107 69
4 -1 8 36 139 70
-6 0 8 25 162 48
-5 0 8 25 162 48
-4 0 8 25 162 48
-3 0 8 25 162 48
-2 0 8 25 162 48
-1 0 8 43 107 69
0 0 8 25 162 48
1 0 8 25 162 48
2 0 8 25 162 48
3 0 8 25 162 48
4 0 8 71 187 46
-6 1 8 238 208 65
-5 1 8 25 162 48
-4 1 8 25 162 48
-3 1 8 25 162 48
-2 1 8 75 75 75
-1 1 8 43 107 69
0 1 8 25 162 48
1 1 8 25 162 48
2 1 8 25 162 48
3 1 8 25 162 48
4 1 8 238 208 65
-5 2 8 71 187 46
-4 2 8 25 162 48
-3 2 8 25 162 48
-2 2 8 25 162 48
-1 2 8 43 107 69
0 2 8 25 162 48
1 2 8 25 162 48
2 2 8 25 162 48
3 2 8 25 162 48
-5 3 8 43 107 69
-4 3 8 25 162 48
-3 3 8 25 162 48
-2 3 8 25 162 48
-1 3 8 43 107 69
0 3 8 25 162 48
1 3 8 25 162 48
2 3 8 71 187 46
3 3 8 43 107 69
-3 4 8 238 208 65
-2 4 8 71 187 46
-1 4 8 36 139 70
0 4 8 25 162 48
1 4 8 238 208 65
-2 -6 9 71 187 46
-1 -6 9 237 178 52
0 -6 9 71 187 46
-5 -5 9 238 208 65
-4 -5 9 36 139 70
-3 -5 9 71 187 46
-2 -5 9 71 187 46
-1 -5 9 237 178 52
0 -5 9 71 187 46
1 -5 9 71 187 46
2 -5 9 36 139 70
3 -5 9 238 208 65
-5 -4 9 71 187 46
-4 -4 9 36 139 70
-3 -4 9 25 162 48
-2 -4 9 25 162 48
-1 -4 9 43 107 69
0 -4 9 25 162 48
1 -4 9 25 162 48
2 -4 9 36 139 70
3 -4 9 71 187 46
-5 -3 9 71 187 46
-4 -3 9 36 139 70
-3 -3 9 25 162 48
-2 -3 9 25 162 48
-1 -3 9 43 107 69
0 -3 9 25 162 48
1 -3 9 25 162 48
2 -3 9 36 139 70
3 -3 9 71 187 46
-6 -2 9 71 187 46
-5 -2 9 25 162 48
-4 -2 9 25 162 48
-3 -2 9 25 162 48
-2 -2 9 25 162 48
-1 -2 9 43 107 69
0 -2 9 25 162 48
1 -2 9 25 162 48
2 -2 9 25 162 48
3 -2 9 25 162 48
4 -2 9 71 187 46
-6 -1 9 237 178 52
-5 -1 9 43 107 69
-4 -1 9 43 107 69
-3 -1 9 43 107 69
-2 -1 9 43 107 69
-1 -1 9 43 107 69
0 -1 9 43 107 69
1 -1 9 43 107 69
2 -1 9 43 107 69
3 -1 9 43 107 69
4 -1 9 237 178 52
-6 0 9 71 187 46
-5 0 9 25 162 48
-4 0 9 25 162 48
-3 0 9 25 162 48
-2 0 9 25 162 48
-1 0 9 43 107 69
0 0 9 25 162 48
1 0 9 25 162 48
2 0 9 25 162 48
3 0 9 25 162 48
4 0 9 71 187 46
-5 1 9 71 187 46
-4 1 9 36 139 70
-3 1 9 25 162 48
-2 1 9 25 162 48
-1 1 9 43 107 69
0 1 9 25 162 48
1 1 9 25 162 48
2 1 9 36 139 70
3 1 9 71 187 46
-5 2 9 71 187 46
-4 2 9 36 139 70
-3 2 9 25 162 48
-2 2 9 25 162 48
-1 2 9 43 107 69
0 2 9 25 162 48
1 2 9 25 162 48
2 2 9 36 139 70
3 2 9 71 187 46
-5 3 9 238 208 65
-4 3 9 36 139 70
-3 3 9 71 187 46
-2 3 9 71 187 46
-1 3 9 43 107 69
0 3 9 71 187 46
1 3 9 71 187 46
2 3 9 36 139 70
3 3 9 238 208 65
-2 4 9 71 187 46
-1 4 9 237 178 52
0 4 9 71 187 46
-1 -6 10 245 226 118
-2 -5 10 238 208 65
-1 -5 10 245 226 118
0 -5 10 238 208 65
-3 -4 10 71 187 46
-2 -4 10 71 187 46
-1 -4 10 36 139 70
0 -4 10 71 187 46
1 -4 10 71 187 46
-4 -3 10 36 139 70
-3 -3 10 245 226 118
-2 -3 10 25 162 48
-1 -3 10 43 107 69
0 -3 10 25 162 48
1 -3 10 245 226 118
2 -3 10 36 139 70
-5 -2 10 238 208 65
-4 -2 10 71 187 46
-3 -2 10 25 162 48
-2 -2 10 25 162 48
-1 -2 10 43 107 69
0 -2 10 25 162 48
1 -2 10 25 162 48
2 -2 10 71 187 46
3 -2 10 238 208 65
-6 -1 10 245 226 118
-5 -1 10 245 226 118
-4 -1 10 36 139 70
-3 -1 10 43 107 69
-2 -1 10 43 107 69
-1 -1 10 43 107 69
0 -1 10 43 107 69
1 -1 10 43 107 69
2 -1 10 36 139 70
3 -1 10 245 226 118
4 -1 10 245 226 118
-5 0 10 238 208 65
-4 0 10 71 187 46
-3 0 10 25 162 48
-2 0 10 25 162 48
-1 0 10 43 107 69
0 0 10 25 162 48
1 0 10 25 162 48
2 0 10 71 187 46
3 0 10 238 208 65
-4 1 10 36 139 70
-3 1 10 245 226 118
-2 1 10 25 162 48
-1 1 10 43 107 69
0 1 10 25 162 48
1 1 10 245 226 118
2 1 10 36 139 70
-3 2 10 71 187 46
-2 2 10 71 187 46
-1 2 10 36 139 70
0 2 10 71 187 46
1 2 10 71 187 46
-2 3 10 238 208 65
-1 3 10 245 226 118
0 3 10 238 208 65
-1 4 10 245 226 118
-2 -3 11 71 187 46
-1 -3 11 238 208 65
0 -3 11 71 187 46
-3 -2 11 36 139 70
-2 -2 11 245 226 118
-1 -2 11 238 208 65
0 -2 11 43 107 69
1 -2 11 36 139 70
-3 -1 11 238 208 65
-2 -1 11 245 226 118
-1 -1 11 245 226 118
0 -1 11 237 178 52
1 -1 11 238 208 65
-3 0 11 36 139 70
-2 0 11 43 107 69
-1 0 11 237 178 52
0 0 11 43 107 69
1 0 11 36 139 70
-2 1 11 71 187 46
-1 1 11 238 208 65
0 1 11 71 187 46
-2 -2 12 245 226 118
0 -2 12 245 226 118
-2 0 12 245 226 118
0 0 12 245 226 118
