ply
format ascii 1.0
comment : MagicaVoxel @ Ephtracy
element vertex 367
property float x
property float y
property float z
property uchar red
property uchar green
property uchar blue
end_header
-1 -4 0 47 52 67
-2 -3 0 47 52 67
-1 -3 0 47 52 67
0 -3 0 47 52 67
-4 -2 0 47 52 67
-3 -2 0 47 52 67
-2 -2 0 47 52 67
-1 -2 0 47 52 67
0 -2 0 47 52 67
1 -2 0 47 52 67
-5 -1 0 47 52 67
-4 -1 0 47 52 67
-3 -1 0 47 52 67
-2 -1 0 47 52 67
-1 -1 0 47 52 67
0 -1 0 47 52 67
1 -1 0 47 52 67
2 -1 0 47 52 67
3 -1 0 47 52 67
-3 0 0 47 52 67
-2 0 0 47 52 67
-1 0 0 47 52 67
0 0 0 47 52 67
1 0 0 47 52 67
2 0 0 47 52 67
3 0 0 47 52 67
4 0 0 47 52 67
-1 1 0 47 52 67
0 1 0 47 52 67
1 1 0 47 52 67
2 1 0 47 52 67
-1 2 0 47 52 67
0 2 0 47 52 67
0 3 0 47 52 67
-1 -5 1 47 52 67
0 -5 1 47 52 67
-3 -4 1 47 52 67
-2 -4 1 47 52 67
-1 -4 1 60 63 80
0 -4 1 47 52 67
1 -4 1 47 52 67
-5 -3 1 60 63 80
-4 -3 1 47 52 67
-3 -3 1 47 52 67
-2 -3 1 47 52 67
-1 -3 1 60 63 80
0 -3 1 60 63 80
1 -3 1 47 52 67
-5 -2 1 47 52 67
-4 -2 1 47 52 67
-3 -2 1 60 63 80
-2 -2 1 60 63 80
-1 -2 1 60 63 80
0 -2 1 60 63 80
1 -2 1 47 52 67
2 -2 1 47 52 67
3 -2 1 47 52 67
-6 -1 1 60 63 80
-5 -1 1 60 63 80
-4 -1 1 60 63 80
-3 -1 1 60 63 80
-2 -1 1 60 63 80
-1 -1 1 60 63 80
0 -1 1 60 63 80
1 -1 1 60 63 80
2 -1 1 60 63 80
3 -1 1 60 63 80
4 -1 1 47 52 67
-6 0 1 47 52 67
-5 0 1 47 52 67
-4 0 1 47 52 67
-3 0 1 60 63 80
-2 0 1 60 63 80
-1 0 1 60 63 80
0 0 1 60 63 80
1 0 1 60 63 80
2 0 1 60 63 80
3 0 1 60 63 80
4 0 1 47 52 67
5 0 1 47 52 67
-5 1 1 47 52 67
-4 1 1 47 52 67
-3 1 1 47 52 67
-2 1 1 47 52 67
-1 1 1 60 63 80
0 1 1 47 52 67
1 1 1 47 52 67
2 1 1 47 52 67
3 1 1 47 52 67
4 1 1 47 52 67
-4 2 1 60 63 80
-3 2 1 47 52 67
-2 2 1 47 52 67
-1 2 1 60 63 80
0 2 1 47 52 67
1 2 1 47 52 67
2 2 1 47 52 67
3 2 1 47 52 67
4 2 1 60 63 80
-2 3 1 47 52 67
-1 3 1 60 63 80
0 3 1 47 52 67
1 3 1 47 52 67
2 3 1 47 52 67
0 4 1 60 63 80
-2 -5 2 73 72 96
-1 -5 2 60 63 80
0 -5 2 47 52 67
-4 -4 2 73 72 96
-3 -4 2 73 72 96
-2 -4 2 73 72 96
-1 -4 2 60 63 80
0 -4 2 60 63 80
1 -4 2 60 63 80
-5 -3 2 60 63 80
-4 -3 2 60 63 80
-3 -3 2 60 63 80
-2 -3 2 60 63 80
-1 -3 2 60 63 80
0 -3 2 60 63 80
1 -3 2 60 63 80
2 -3 2 73 72 96
-6 -2 2 60 63 80
-5 -2 2 60 63 80
-4 -2 2 60 63 80
-3 -2 2 60 63 80
-2 -2 2 60 63 80
-1 -2 2 60 63 80
0 -2 2 60 63 80
1 -2 2 60 63 80
2 -2 2 73 72 96
3 -2 2 60 63 80
4 -2 2 47 52 67
-6 -1 2 47 52 67
-5 -1 2 60 63 80
-4 -1 2 60 63 80
-3 -1 2 60 63 80
-2 -1 2 60 63 80
-1 -1 2 60 63 80
0 -1 2 60 63 80
1 -1 2 60 63 80
2 -1 2 60 63 80
3 -1 2 60 63 80
4 -1 2 60 63 80
-6 0 2 60 63 80
-5 0 2 60 63 80
-4 0 2 60 63 80
-3 0 2 60 63 80
-2 0 2 60 63 80
-1 0 2 60 63 80
0 0 2 60 63 80
1 0 2 60 63 80
2 0 2 60 63 80
3 0 2 60 63 80
4 0 2 47 52 67
5 0 2 60 63 80
-6 1 2 60 63 80
-5 1 2 60 63 80
-4 1 2 60 63 80
-3 1 2 60 63 80
-2 1 2 60 63 80
-1 1 2 60 63 80
0 1 2 60 63 80
1 1 2 60 63 80
2 1 2 60 63 80
3 1 2 60 63 80
4 1 2 47 52 67
5 1 2 47 52 67
-5 2 2 60 63 80
-4 2 2 47 52 67
-3 2 2 60 63 80
-2 2 2 60 63 80
-1 2 2 60 63 80
0 2 2 60 63 80
1 2 2 60 63 80
2 2 2 60 63 80
3 2 2 60 63 80
4 2 2 60 63 80
-3 3 2 60 63 80
-2 3 2 60 63 80
-1 3 2 60 63 80
0 3 2 60 63 80
1 3 2 60 63 80
2 3 2 60 63 80
-1 4 2 73 72 96
0 4 2 73 72 96
1 4 2 60 63 80
-1 -5 3 60 63 80
-3 -4 3 73 72 96
-2 -4 3 60 63 80
-1 -4 3 60 63 80
0 -4 3 60 63 80
1 -4 3 73 72 96
-4 -3 3 73 72 96
-3 -3 3 73 72 96
-2 -3 3 60 63 80
-1 -3 3 60 63 80
0 -3 3 60 63 80
1 -3 3 73 72 96
2 -3 3 60 63 80
-5 -2 3 73 72 96
-4 -2 3 73 72 96
-3 -2 3 73 72 96
-2 -2 3 60 63 80
-1 -2 3 60 63 80
0 -2 3 60 63 80
1 -2 3 60 63 80
2 -2 3 73 72 96
3 -2 3 60 63 80
-6 -1 3 60 63 80
-5 -1 3 60 63 80
-4 -1 3 60 63 80
-3 -1 3 60 63 80
-2 -1 3 60 63 80
-1 -1 3 60 63 80
0 -1 3 60 63 80
1 -1 3 60 63 80
2 -1 3 73 72 96
3 -1 3 73 72 96
4 -1 3 73 72 96
-6 0 3 73 72 96
-5 0 3 60 63 80
-4 0 3 60 63 80
-3 0 3 60 63 80
-2 0 3 60 63 80
-1 0 3 60 63 80
0 0 3 60 63 80
1 0 3 60 63 80
2 0 3 60 63 80
3 0 3 60 63 80
4 0 3 60 63 80
5 0 3 73 72 96
-6 1 3 60 63 80
-5 1 3 73 72 96
-4 1 3 60 63 80
-3 1 3 60 63 80
-2 1 3 60 63 80
-1 1 3 60 63 80
0 1 3 60 63 80
1 1 3 60 63 80
2 1 3 60 63 80
3 1 3 60 63 80
4 1 3 60 63 80
-4 2 3 60 63 80
-3 2 3 60 63 80
-2 2 3 60 63 80
-1 2 3 60 63 80
0 2 3 60 63 80
1 2 3 60 63 80
2 2 3 60 63 80
3 2 3 60 63 80
-2 3 3 73 72 96
-1 3 3 73 72 96
0 3 3 73 72 96
1 3 3 73 72 96
2 3 3 73 72 96
0 4 3 60 63 80
1 4 3 73 72 96
-2 -4 4 73 72 96
-1 -4 4 60 63 80
0 -4 4 73 72 96
-3 -3 4 60 63 80
-2 -3 4 85 84 112
-1 -3 4 60 63 80
0 -3 4 73 72 96
1 -3 4 73 72 96
-5 -2 4 73 72 96
-4 -2 4 85 84 112
-3 -2 4 73 72 96
-2 -2 4 73 72 96
-1 -2 4 73 72 96
0 -2 4 73 72 96
1 -2 4 73 72 96
2 -2 4 73 72 96
-5 -1 4 73 72 96
-4 -1 4 73 72 96
-3 -1 4 73 72 96
-2 -1 4 73 72 96
-1 -1 4 73 72 96
0 -1 4 60 63 80
1 -1 4 85 84 112
2 -1 4 85 84 112
-6 0 4 73 72 96
-5 0 4 73 72 96
-4 0 4 73 72 96
-3 0 4 73 72 96
-2 0 4 73 72 96
-1 0 4 73 72 96
0 0 4 60 63 80
1 0 4 85 84 112
2 0 4 85 84 112
3 0 4 73 72 96
4 0 4 60 63 80
-5 1 4 60 63 80
-4 1 4 73 72 96
-3 1 4 73 72 96
-2 1 4 73 72 96
-1 1 4 73 72 96
0 1 4 60 63 80
1 1 4 60 63 80
2 1 4 85 84 112
3 1 4 73 72 96
4 1 4 73 72 96
-3 2 4 60 63 80
-2 2 4 60 63 80
-1 2 4 73 72 96
0 2 4 73 72 96
1 2 4 85 84 112
2 2 4 73 72 96
0 3 4 73 72 96
1 3 4 85 84 112
-3 -3 5 73 72 96
-2 -3 5 85 84 112
-1 -3 5 73 72 96
0 -3 5 73 72 96
-4 -2 5 85 84 112
-3 -2 5 85 84 112
-2 -2 5 85 84 112
-1 -2 5 73 72 96
0 -2 5 85 84 112
1 -2 5 85 84 112
-5 -1 5 85 84 112
-4 -1 5 73 72 96
-3 -1 5 73 72 96
-2 -1 5 73 72 96
-1 -1 5 73 72 96
0 -1 5 73 72 96
1 -1 5 73 72 96
2 -1 5 85 84 112
-4 0 5 85 84 112
-3 0 5 73 72 96
-2 0 5 73 72 96
-1 0 5 73 72 96
0 0 5 73 72 96
1 0 5 73 72 96
2 0 5 73 72 96
3 0 5 73 72 96
-4 1 5 73 72 96
-3 1 5 73 72 96
-2 1 5 85 84 112
-1 1 5 73 72 96
0 1 5 73 72 96
1 1 5 73 72 96
2 1 5 73 72 96
3 1 5 85 84 112
-2 2 5 85 84 112
-1 2 5 85 84 112
0 2 5 73 72 96
1 2 5 85 84 112
2 2 5 85 84 112
0 3 5 73 72 96
-1 -2 6 85 84 112
-4 -1 6 85 84 112
-3 -1 6 85 84 112
-2 -1 6 85 84 112
-1 -1 6 85 84 112
0 -1 6 85 84 112
-3 0 6 85 84 112
-2 0 6 73 72 96
-1 0 6 85 84 112
0 0 6 85 84 112
1 0 6 85 84 112
-1 1 6 85 84 112
0 1 6 85 84 112
1 1 6 85 84 112
2 1 6 85 84 112
1 2 6 85 84 112
